0.412	9.274
5.784	13.082
10.748	16.134
9.907	17.450
14.408	19.279
17.421	20.318
12.703	22.698
21.862	22.902
22.226	24.816
22.144	26.256
27.387	28.867
29.007	32.545
33.112	34.918
33.118	35.721
34.802	37.832
38.455	39.175
39.197	42.749
47.498	51.372
54.207	60.466
56.508	61.508
54.118	61.519
54.281	62.490
64.506	66.439
65.878	67.313
66.575	67.403
68.942	69.961
68.142	71.342
68.226	72.105
70.588	72.277
73.303	74.271
72.545	74.600
74.053	75.273
74.758	79.548
76.517	79.752
77.494	79.910
77.556	82.642
82.749	86.689
85.072	87.839
88.009	88.553
88.597	90.036
102.593	111.666
108.210	112.967
108.578	114.150
109.733	116.028
113.386	118.266
116.934	120.245
124.808	126.070
126.375	129.707
131.438	133.286
134.608	138.068
135.641	140.604
138.172	141.947
144.289	148.324
149.638	152.298
151.649	154.779
154.189	158.175
154.290	159.901
159.646	161.177
161.174	163.622
155.084	163.706
161.717	166.388
163.991	167.848
167.460	169.587
170.667	172.865
172.008	175.376
173.659	177.659
175.688	178.462
179.994	180.437
182.097	183.627
185.447	186.252
183.524	186.895
185.659	187.762
185.532	189.492
189.132	190.270
200.805	208.479
205.337	210.997
203.375	211.619
207.331	211.631
204.804	214.207
218.821	224.593
223.027	228.091
225.243	232.040
230.866	234.448
231.621	237.460
233.681	240.695
244.849	245.958
246.605	248.859
247.501	249.409
242.385	249.707
249.770	251.092
258.768	259.066
258.784	260.307
263.158	265.578
268.065	276.956
274.274	278.253
278.129	282.304
282.861	285.234
284.950	285.730
287.304	292.308
288.891	295.806
289.056	298.684
297.297	299.570
294.885	302.294
297.934	302.499
301.837	307.908
303.097	308.364
299.941	308.730
306.520	311.692
304.311	311.738
312.019	312.490
309.311	312.622
313.770	314.169
313.851	315.409
314.597	317.387
317.663	319.281
315.154	323.876
323.301	327.507
327.877	331.900
332.435	333.782
337.278	337.949
338.120	338.590
343.387	345.622
346.582	351.028
346.830	352.568
351.766	353.135
346.920	353.308
346.878	354.909
350.946	355.169
352.097	355.509
354.898	355.965
356.311	357.149
356.807	357.797
358.949	359.274
356.105	360.905
359.475	361.034
363.938	365.620
366.781	367.588
365.670	367.855
360.385	368.645
370.080	370.724
368.615	372.190
368.683	372.711
372.236	373.660
371.641	375.302
372.565	376.429
379.138	381.563
381.177	382.104
381.847	382.733
384.506	386.911
389.359	390.431
389.419	391.609
389.470	392.769
393.548	395.888
389.923	397.119
394.047	399.144
397.531	400.226
403.018	405.054
403.730	407.102
400.770	407.282
414.339	414.997
418.906	424.123
420.983	428.595
421.705	430.960
429.685	431.909
426.127	432.766
424.692	432.831
433.719	436.183
432.706	436.365
428.578	437.435
432.533	441.554
443.545	447.685
449.499	453.442
450.544	454.793
457.193	458.584
456.131	460.047
465.198	469.476
469.089	474.232
470.626	475.486
471.457	477.248
471.482	478.704
477.509	479.477
477.620	483.076
482.510	484.793
491.868	493.908
494.281	499.938
494.819	501.669
500.600	502.826
511.003	514.577
514.481	516.715
516.513	520.278
517.869	524.812
519.745	526.672
524.570	527.878
519.087	528.176
525.501	529.257
528.634	530.945
522.949	531.528
529.637	531.728
525.186	532.099
531.617	533.464
532.741	537.661
538.606	542.123
545.228	547.123
545.869	549.185
545.176	549.281
547.003	552.451
559.422	567.644
564.967	571.652
565.651	573.369
563.783	573.899
568.858	574.661
574.053	578.600
582.945	584.872
581.741	585.621
589.061	591.340
592.381	593.863
594.274	596.051
606.371	612.796
610.829	615.690
611.613	617.121
607.135	619.302
618.524	620.144
619.209	621.420
623.275	624.610
611.082	625.952
625.895	629.554
631.151	632.725
632.463	635.596
633.651	636.804
634.635	637.934
640.408	643.263
643.054	645.260
651.871	654.806
658.107	661.494
658.523	662.695
661.126	664.240
660.812	666.426
661.240	668.893
661.457	671.469
667.204	672.135
676.675	677.722
671.637	680.221
677.866	680.660
680.594	687.729
684.945	688.147
688.719	691.918
686.302	692.454
689.686	694.154
689.442	694.648
690.572	695.574
696.899	699.668
699.273	703.574
706.677	707.498
708.426	710.196
709.353	713.900
713.772	717.114
718.797	721.052
718.833	721.227
722.279	724.360
722.004	726.585
722.628	727.527
728.926	729.974
728.809	731.133
729.708	731.163
742.383	748.213
745.608	750.954
744.819	751.485
744.295	751.890
743.944	753.125
749.501	753.863
749.811	755.311
756.716	757.451
758.073	759.870
768.117	774.785
774.973	776.076
775.968	777.395
776.802	781.941
778.654	784.210
782.088	788.346
781.972	789.399
778.956	789.884
782.118	793.939
794.691	797.279
797.285	797.896
793.690	798.666
798.992	801.235
800.252	801.814
800.066	803.451
807.241	807.811
817.242	820.040
827.242	829.890
828.271	833.086
827.579	833.594
831.020	834.855
842.190	843.221
844.427	847.025
847.756	849.756
850.854	855.530
853.940	858.665
851.711	859.105
856.981	861.700
854.989	862.629
855.797	863.737
856.039	864.059
868.687	872.053
870.384	874.322
873.400	874.756
876.346	878.982
884.420	890.829
886.881	892.850
885.835	893.447
889.102	894.654
888.014	895.298
894.468	895.434
900.867	901.802
903.061	906.016
901.898	906.759
905.306	906.914
910.367	912.496
907.777	912.957
911.170	914.587
912.027	916.232
911.229	916.355
912.242	917.763
914.741	918.506
914.964	918.772
914.531	920.656
917.847	923.312
923.317	925.798
925.259	927.844
918.828	929.479
931.410	932.587
930.931	932.642
933.398	939.380
938.155	940.275
937.926	941.198
947.214	951.261
946.671	951.532
951.492	953.271
963.471	970.649
968.395	976.458
969.496	977.146
969.819	977.970
971.883	978.345
979.076	980.556
980.069	985.564
986.475	989.644
986.911	992.865
993.806	997.465
993.899	997.817
994.984	999.503
1001.652	1004.843
1006.306	1008.750
1013.097	1016.685
1018.346	1019.828
1022.264	1029.149
1025.606	1031.107
1026.167	1031.883
1031.862	1033.611
1028.277	1034.806
1027.786	1036.633
1036.032	1038.251
1035.842	1038.922
1035.010	1039.314
1045.482	1046.708
1050.201	1051.869
1052.477	1056.999
1054.705	1057.629
1060.150	1061.889
1061.875	1064.682
1063.314	1065.852
1064.496	1067.888
1065.348	1071.841
1065.419	1072.734
1072.345	1074.691
1068.389	1075.157
1069.929	1076.576
1072.529	1076.706
1073.781	1078.150
1074.588	1078.665
1075.445	1081.048
1074.206	1081.536
1080.490	1084.986
1081.939	1086.782
1083.404	1087.530
1086.112	1088.873
1086.872	1089.837
1086.893	1089.960
1089.043	1091.257
1091.028	1093.211
1094.018	1096.075
1095.666	1098.306
1098.981	1099.829
1103.515	1105.937
1102.737	1107.341
1107.329	1107.931
1108.058	1109.965
1105.467	1110.586
1109.576	1114.170
1111.924	1114.969
1118.709	1121.907
1125.844	1128.810
1126.764	1131.721
1129.734	1135.849
1129.875	1137.233
1130.088	1137.448
1132.136	1139.039
1138.133	1140.629
1138.629	1144.853
1142.779	1146.747
1148.910	1154.811
1153.347	1155.062
1149.977	1155.448
1158.748	1160.723
1160.076	1162.975
1163.528	1166.913
1169.917	1171.397
1167.338	1171.427
1175.460	1180.226
1181.943	1185.222
1191.146	1194.584
1194.119	1199.626
1193.565	1201.221
1198.053	1202.083
1194.943	1203.353
1202.257	1203.868
1202.104	1205.315
1195.645	1205.677
1205.527	1207.990
1209.135	1211.730
1210.357	1211.926
1212.939	1215.060
1212.425	1216.860
1216.679	1217.633
1216.798	1223.234
1228.155	1229.527
1232.869	1234.960
1235.698	1237.444
1236.587	1238.981
1243.560	1247.306
1252.717	1253.402
1253.145	1255.751
1257.416	1258.432
1262.687	1267.946
1265.767	1270.517
1269.210	1272.432
1270.893	1274.348
1278.268	1278.975
1288.404	1295.411
1289.780	1296.439
1294.418	1297.264
1296.553	1298.139
1296.038	1299.148
1298.064	1300.632
1297.678	1304.209
1304.908	1310.384
1314.064	1315.717
1314.427	1319.501
1317.050	1323.752
1318.549	1324.425
1319.908	1326.658
1318.908	1327.301
1320.723	1328.000
1324.679	1328.736
1325.292	1329.914
1326.943	1330.547
1327.004	1333.194
1332.484	1334.538
1329.825	1335.058
1324.691	1336.433
1338.299	1340.112
1339.256	1341.568
1337.637	1343.417
1341.490	1344.741
1342.401	1346.761
1345.745	1348.153
1344.919	1348.190
1349.032	1351.287
1353.506	1356.896
1358.230	1360.740
1368.616	1369.984
1370.868	1376.924
1372.797	1379.591
1378.328	1382.707
1382.515	1384.347
1384.930	1388.711
1386.311	1390.968
1387.593	1393.451
1392.301	1396.826
1387.266	1397.993
1396.590	1398.619
1398.842	1399.043
1392.660	1400.263
1408.415	1409.715
1412.506	1414.527
1422.881	1424.576
1423.301	1430.756
1427.712	1431.525
1425.283	1434.170
1430.775	1434.830
1434.183	1435.676
1428.777	1435.850
1434.186	1437.168
1432.036	1437.200
1435.854	1438.895
1437.560	1439.570
1440.055	1441.301
1438.599	1442.058
1444.422	1445.132
1449.645	1450.746
1447.708	1450.853
1452.625	1455.228
1453.980	1456.617
1454.631	1457.044
1454.642	1459.048
1455.571	1461.032
1458.176	1461.718
1464.274	1465.733
1469.327	1472.019
1471.371	1476.119
1483.783	1486.079
1485.552	1487.060
1490.693	1494.955
1492.195	1497.848
1496.095	1499.792
1508.637	1512.108
1509.678	1515.134
1512.976	1517.792
1510.211	1517.940
1516.411	1519.523
1516.421	1520.078
1515.139	1520.906
1517.830	1522.628
1519.415	1524.041
1520.900	1524.094
1526.543	1530.916
1529.052	1532.636
1532.833	1536.938
1539.353	1541.106
1543.300	1546.100
1545.239	1547.453
1549.152	1550.859
1552.074	1556.002
1555.063	1558.206
1557.901	1562.388
1559.394	1565.726
1562.229	1566.102
1565.099	1569.442
1573.003	1575.197
1577.362	1583.568
1582.712	1586.541
1586.880	1587.392
1591.706	1594.303
1594.363	1595.790
1595.592	1599.618
1596.470	1601.812
1599.987	1607.355
1605.904	1610.782
1608.149	1612.114
1608.621	1615.831
1613.734	1617.505
1617.426	1620.010
1615.627	1620.713
1617.558	1620.822
1619.598	1625.750
1623.500	1626.888
1625.069	1628.506
1626.322	1630.907
1629.378	1632.706
1629.435	1634.367
1631.457	1635.064
1639.803	1644.053
1643.153	1647.500
1644.622	1647.872
1650.612	1653.001
1651.282	1653.592
1647.958	1653.885
1651.947	1656.344
1658.152	1661.037
1659.048	1662.951
1659.270	1663.077
1664.344	1668.299
1666.460	1669.402
1667.772	1669.949
1669.819	1673.292
1673.632	1675.739
1674.160	1675.834
1677.184	1678.224
1680.755	1683.670
1685.576	1686.524
1686.475	1688.262
1689.162	1692.258
1689.917	1693.351
1692.269	1697.308
1697.266	1698.323
1692.810	1701.728
1703.024	1704.543
1704.885	1707.184
1704.166	1714.128
1714.366	1715.591
1717.870	1721.315
1723.175	1726.264
1723.263	1728.648
1729.825	1731.296
1732.608	1735.298
1733.695	1737.285
1735.310	1740.788
1743.804	1744.109
1739.407	1744.720
1744.406	1747.912
1747.215	1749.639
1747.732	1750.608
1758.057	1759.564
1759.732	1763.437
1766.714	1768.068
1770.436	1773.893
1773.099	1775.627
1773.967	1779.169
1776.955	1782.132
1780.549	1783.324
1776.530	1783.499
1776.104	1784.627
1781.829	1786.802
1785.805	1787.981
1786.591	1788.612
1790.209	1791.181
1793.831	1795.775
1794.873	1798.853
1796.639	1799.287
1798.877	1799.882
1798.576	1800.298
1795.194	1800.779
1799.468	1803.580
1802.231	1804.770
1799.631	1804.883
1809.307	1810.691
1808.508	1812.556
1812.784	1813.651
1809.206	1814.150
1817.604	1818.890
1827.111	1828.728
1829.825	1834.689
1831.023	1840.545
1836.221	1842.569
1839.951	1843.480
1840.237	1843.841
1836.580	1844.146
1841.695	1844.710
1843.647	1848.658
1845.530	1849.139
1845.003	1852.116
1851.185	1853.183
1846.284	1854.045
1852.960	1854.730
1855.438	1857.672
1859.704	1862.920
1860.849	1863.802
1856.118	1867.273
1863.421	1867.905
1870.285	1875.519
1885.096	1891.885
1885.231	1892.825
1889.793	1895.200
1896.462	1898.019
1897.842	1899.176
1900.323	1901.390
1895.362	1901.821
1907.498	1910.305
1908.957	1912.305
1915.016	1918.259
1919.548	1920.954
1919.076	1923.201
1926.547	1928.484
1927.039	1929.762
1926.591	1931.394
1930.162	1931.513
1930.330	1932.554
1931.694	1935.354
1932.091	1936.580
1933.867	1938.646
1939.103	1942.777
1945.964	1946.991
1945.861	1947.940
1946.144	1951.924
1951.391	1955.452
1952.429	1956.069
1951.516	1956.600
1952.786	1958.014
1953.059	1958.054
1953.139	1962.204
1956.038	1962.254
1959.938	1962.532
1963.255	1965.485
1968.593	1971.624
1971.701	1975.394
1973.111	1977.251
1975.960	1980.365
1985.941	1988.179
1988.872	1990.358
1989.668	1991.547
1989.846	1994.529
1997.663	2000.843
2000.213	2003.800
2001.443	2005.053
2004.099	2008.188
2006.446	2012.060
2008.556	2014.761
2008.736	2018.000
2009.981	2018.081
2012.136	2018.515
2018.197	2020.868
2019.773	2021.360
2011.501	2022.189
2022.876	2025.841
2026.448	2029.537
2030.333	2032.204
2033.981	2041.384
2038.795	2044.509
2037.968	2047.885
2049.968	2053.247
2049.500	2055.109
2057.136	2060.350
2062.645	2065.009
2068.107	2072.131
2068.262	2076.286
2073.327	2077.483
2075.136	2079.828
2068.535	2080.340
2076.457	2080.523
2088.398	2089.768
2090.681	2091.017
2088.515	2093.850
2092.746	2094.356
2092.354	2095.292
2094.183	2098.550
2097.697	2100.407
2103.810	2104.590
2103.882	2109.189
2106.006	2109.299
2106.276	2112.421
2110.880	2113.758
2111.137	2115.177
2112.621	2115.709
2111.236	2117.037
2117.463	2118.500
2117.861	2120.291
2116.390	2121.452
2122.383	2126.402
2127.082	2129.394
2132.616	2139.575
2133.651	2140.301
2138.363	2141.500
2135.231	2141.967
2136.036	2143.335
2139.508	2144.333
2145.063	2146.160
2140.689	2147.693
2154.006	2157.548
2156.513	2157.726
2156.829	2159.063
2159.850	2163.337
2161.551	2164.316
2174.195	2181.998
2177.825	2184.095
2182.970	2188.299
2186.422	2189.934
2188.613	2192.157
2195.103	2197.416
2200.193	2202.128
2201.665	2207.980
2201.177	2208.886
2205.090	2209.236
2202.987	2209.355
2206.593	2210.196
2209.037	2211.912
2209.165	2212.883
2205.383	2213.994
2213.985	2218.448
2219.081	2219.969
2218.069	2221.354
2216.994	2221.795
2220.324	2222.761
2221.448	2224.904
2225.392	2230.654
2229.512	2231.764
2229.972	2232.137
2227.378	2232.569
2236.996	2240.564
2239.255	2240.967
2238.121	2241.388
2239.459	2243.463
2250.553	2253.058
2252.420	2259.198
2259.393	2262.518
2266.895	2268.820
2276.890	2280.473
2281.721	2282.342
2289.139	2292.184
2296.438	2299.628
2301.056	2302.535
2301.469	2303.638
2303.588	2304.668
2306.037	2312.707
2320.016	2322.084
2324.394	2326.651
2327.861	2331.888
2331.784	2334.674
2333.066	2337.985
2341.217	2342.983
2344.164	2345.298
2345.636	2352.454
2347.421	2354.771
2361.717	2368.610
2358.563	2368.892
2361.258	2369.267
2365.038	2370.190
2360.733	2371.824
2367.402	2372.181
2374.765	2378.710
2374.182	2378.767
2376.278	2379.807
2380.144	2380.739
2379.997	2383.482
2380.443	2384.040
2382.697	2384.629
2383.903	2388.117
2384.769	2388.870
2383.579	2389.354
2389.762	2392.922
2389.996	2392.940
2387.627	2393.474
2390.212	2393.923
2395.644	2398.038
2399.133	2400.798
2398.589	2402.746
2404.851	2407.909
2406.162	2410.729
2404.788	2411.209
2411.538	2412.291
2415.078	2418.751
2422.371	2423.077
2416.031	2424.677
2424.975	2430.454
2430.707	2434.207
2437.087	2440.705
2438.670	2443.783
2441.887	2445.343
2444.134	2447.305
2452.407	2454.960
2456.979	2461.055
2460.676	2462.342
2465.482	2468.381
2484.966	2490.653
2483.476	2491.618
2488.890	2493.816
2484.323	2493.949
2493.093	2497.408
2498.542	2498.818
2495.157	2500.679
2497.064	2505.955
2504.664	2506.774
2509.209	2511.282
2511.719	2512.591
2511.836	2512.781
2519.031	2521.015
2517.279	2521.271
2519.632	2521.801
2520.649	2526.659
2524.007	2527.888
2524.388	2528.775
2524.023	2530.814
2525.418	2532.441
2531.653	2536.832
2535.578	2540.081
2545.673	2547.328
2547.911	2548.807
2550.335	2558.233
2552.625	2558.934
2556.987	2561.433
2554.756	2562.216
2561.864	2563.522
2570.623	2572.723
2572.122	2575.244
2574.962	2577.447
2576.013	2577.784
2577.040	2578.881
2579.057	2580.892
2581.579	2582.563
2583.860	2585.043
2594.586	2602.673
2595.094	2603.479
2597.987	2609.837
2612.869	2616.372
2616.676	2619.284
2619.060	2623.083
2620.373	2624.879
2621.842	2627.206
2629.720	2632.135
2636.168	2638.577
2639.333	2643.667
2645.876	2648.614
2653.283	2655.338
2658.635	2662.102
2660.016	2663.964
2661.800	2666.543
2666.340	2668.033
2667.673	2670.027
2671.626	2672.040
2673.502	2675.446
2674.675	2679.067
2678.019	2683.411
2676.769	2683.685
2676.415	2684.181
2679.552	2684.907
2680.144	2686.772
2679.604	2688.661
2681.005	2689.889
2689.124	2691.953
2690.091	2692.612
2686.580	2693.062
2707.481	2714.528
2708.334	2716.273
2710.394	2718.636
2714.238	2719.891
2719.220	2720.697
2717.596	2722.059
2723.507	2726.768
2725.407	2726.778
2728.998	2730.034
2730.930	2734.738
2741.095	2744.381
2745.363	2752.396
2744.693	2752.868
2744.967	2754.731
2755.068	2757.104
2756.722	2758.419
2755.812	2761.060
2758.589	2761.555
2755.887	2762.144
2767.275	2769.899
2768.730	2771.922
2772.403	2774.337
2777.540	2778.412
2777.807	2781.262
2780.511	2787.036
2796.137	2806.511
2798.416	2806.915
2801.817	2809.669
2800.600	2810.303
2810.162	2812.591
2820.142	2822.507
2820.453	2824.438
2822.753	2825.560
2824.308	2831.131
2829.665	2835.625
2827.850	2835.761
2828.731	2836.288
2827.489	2836.569
2831.532	2838.947
2836.036	2839.507
2841.610	2842.646
2846.020	2849.981
2849.247	2852.356
2849.508	2853.553
2850.919	2857.237
2854.075	2861.252
2857.097	2861.847
2855.071	2863.711
2863.824	2865.544
2864.177	2868.746
2869.672	2872.123
2869.992	2872.331
2871.387	2872.769
2878.124	2878.913
2878.766	2880.463
2880.868	2882.909
2882.407	2887.077
2888.661	2892.864
2902.479	2909.067
2905.390	2909.600
2903.452	2911.162
2911.829	2913.214
2914.078	2918.444
2914.768	2919.068
2918.842	2920.893
2920.016	2925.181
2921.918	2926.135
2921.942	2928.800
2934.819	2935.976
2937.879	2941.032
2945.311	2947.776
2955.207	2960.213
2956.096	2961.634
2959.976	2963.370
2964.052	2965.695
2958.318	2966.592
2969.331	2970.250
2970.072	2971.154
2970.989	2974.742
2974.490	2976.362
2976.404	2977.752
2976.005	2978.441
2977.024	2978.941
2979.376	2980.006
2981.983	2983.838
2991.185	2994.590
2993.359	2997.166
2996.042	2998.770
2996.502	2999.058
2998.966	3002.840
2998.028	3002.912
3002.363	3006.213
3003.250	3007.325
3003.940	3008.145
3005.249	3009.670
3007.066	3012.012
3008.247	3013.748
3010.906	3016.195
3011.477	3017.299
3017.533	3020.463
3020.918	3024.657
3023.104	3024.744
3024.402	3025.958
3023.275	3028.939
3027.750	3029.868
3030.709	3031.841
3035.484	3036.204
3041.830	3043.212
3042.912	3046.960
3044.857	3048.593
3046.001	3050.882
3047.934	3052.038
3046.392	3052.473
3047.670	3052.903
3050.145	3053.670
3046.824	3056.654
3055.979	3057.687
3053.613	3058.028
3060.010	3060.839
3060.645	3063.433
3059.277	3063.897
3063.041	3064.793
3070.782	3071.205
3069.202	3072.980
3070.840	3073.213
3070.770	3074.176
3074.611	3076.876
3071.881	3077.084
3074.863	3078.110
3075.590	3079.210
3078.851	3083.555
3090.849	3094.247
3092.041	3095.406
3094.667	3096.852
3096.755	3098.930
3096.821	3103.088
3099.219	3104.218
3097.965	3104.890
3106.684	3107.992
3103.418	3109.164
3106.804	3109.447
3110.722	3111.617
3098.394	3111.988
3107.034	3112.167
3112.122	3113.689
3113.019	3116.006
3111.033	3117.323
3113.255	3117.906
3113.165	3118.633
3113.683	3119.494
3115.139	3122.595
3122.893	3124.670
3125.799	3127.510
3126.591	3129.486
3130.756	3135.169
3129.843	3136.545
3133.935	3141.398
3142.419	3145.031
3132.825	3146.638
3148.310	3148.593
3143.660	3148.742
3151.239	3152.430
3156.535	3161.006
3159.197	3164.085
3165.035	3167.556
3166.519	3169.383
3169.765	3171.233
3172.535	3173.288
3174.678	3181.110
3177.053	3184.902
3179.245	3186.998
3180.675	3187.694
3187.206	3189.677
3192.344	3193.026
3190.068	3193.139
3192.503	3195.599
3195.774	3198.578
3194.532	3198.756
3195.082	3200.092
3199.659	3200.794
3197.403	3201.508
3201.386	3204.936
3200.483	3205.580
3203.544	3206.454
3205.375	3207.436
3208.499	3209.770
3207.163	3210.797
3206.850	3211.527
3216.028	3217.718
3211.535	3219.780
3213.780	3223.525
3221.333	3224.987
3225.003	3228.336
3228.388	3230.204
3228.299	3232.257
3229.440	3235.136
3233.201	3236.804
3232.717	3238.260
3240.193	3241.385
3240.631	3243.463
3246.668	3247.686
3247.364	3250.636
3252.628	3254.191
3258.015	3259.999
3259.183	3261.880
3265.453	3268.444
3265.950	3271.292
3271.354	3273.584
3272.728	3276.657
3274.383	3276.936
3277.366	3278.796
3274.741	3279.475
3278.265	3280.557
3281.405	3283.681
3285.995	3288.532
3288.663	3290.865
3288.639	3292.750
3297.359	3301.021
3304.564	3309.119
3307.506	3312.914
3308.870	3316.012
3311.228	3316.622
3317.353	3320.378
3319.111	3324.209
3323.427	3326.903
3326.035	3330.192
3327.603	3330.347
3335.348	3336.451
3336.848	3340.203
3339.508	3341.758
3339.664	3344.256
3341.482	3345.058
3341.591	3346.734
3345.071	3347.468
3345.195	3349.583
3345.072	3351.121
3347.988	3352.819
3349.247	3353.525
3345.961	3354.466
3350.150	3355.572
3345.532	3356.284
3361.898	3364.757
3368.746	3374.418
3371.786	3376.012
3376.414	3377.855
3381.309	3383.591
3382.112	3387.087
3386.832	3394.103
3389.976	3395.223
3387.615	3396.842
3391.241	3397.577
3391.735	3397.914
3396.020	3400.040
3404.184	3405.643
3403.109	3406.084
3410.237	3411.305
3411.451	3412.028
3414.513	3415.909
3430.142	3438.201
3434.367	3441.416
3434.530	3441.753
3438.504	3442.657
3436.161	3443.552
3437.510	3444.690
3443.343	3445.228
3445.005	3447.291
3448.438	3451.358
3451.317	3451.983
3453.408	3455.301
3453.572	3455.356
3456.766	3458.330
3463.649	3465.561
3463.109	3468.046
3466.590	3468.905
3469.691	3474.076
3468.499	3476.169
3473.232	3477.438
3483.857	3485.232
3483.794	3487.890
3491.741	3492.117
3490.360	3492.990
3497.417	3498.297
3496.869	3499.157
3501.320	3503.102
3501.020	3503.363
3502.488	3505.619
3512.498	3516.338
3515.552	3518.746
3519.938	3523.646
3521.705	3528.487
3523.525	3531.944
3529.703	3533.073
3525.464	3534.453
3533.988	3538.144
3533.373	3538.426
3535.648	3540.089
3537.879	3541.253
3540.300	3542.912
3547.769	3549.291
3553.001	3553.866
3553.465	3554.290
3554.813	3559.094
3555.142	3562.069
3555.440	3562.782
3560.168	3563.196
3555.218	3563.725
3563.311	3564.229
3556.017	3565.939
3568.852	3570.478
3567.879	3572.086
3569.335	3576.584
3579.561	3581.340
3584.558	3586.707
3592.939	3594.800
3592.993	3596.293
3594.436	3598.843
3597.306	3600.916
3601.112	3602.415
3608.077	3615.132
3611.698	3617.830
3610.282	3617.852
3616.367	3620.653
3611.713	3622.692
3627.871	3633.029
3634.665	3636.597
3637.766	3641.199
3638.964	3643.745
3639.745	3644.996
3644.007	3647.860
3651.836	3652.676
3661.056	3662.977
3661.607	3664.001
3664.123	3667.642
3666.179	3668.330
3667.772	3670.757
3672.292	3676.160
3680.136	3682.111
3683.821	3685.777
3687.263	3689.438
3690.615	3691.678
3693.644	3694.864
3695.843	3698.977
3696.657	3703.320
3700.976	3705.005
3701.338	3706.532
3704.288	3707.644
3705.686	3707.896
3708.032	3709.287
3712.825	3714.602
3710.962	3714.807
3723.742	3724.084
3724.523	3728.145
3724.558	3730.753
3733.435	3735.210
3734.503	3740.546
3735.434	3741.132
3736.969	3743.110
3739.551	3746.791
3751.771	3753.580
3755.283	3756.956
3756.378	3758.386
3758.564	3761.995
3760.265	3765.791
3762.255	3769.141
3763.799	3769.647
3765.761	3772.300
3764.323	3772.709
3767.810	3772.888
3767.170	3773.119
3774.405	3774.918
3772.661	3775.479
3773.936	3776.558
3776.796	3777.382
3782.119	3785.671
3786.453	3790.153
3789.233	3797.483
3792.985	3798.844
3794.155	3799.164
3797.599	3801.359
3796.664	3801.513
3799.401	3802.481
3795.436	3803.566
3799.862	3803.685
3794.595	3803.755
3801.718	3804.031
3801.093	3804.994
3806.341	3808.594
3800.261	3809.219
3808.545	3809.691
3809.177	3810.722
3810.779	3812.731
3816.650	3821.388
3819.113	3824.961
3821.419	3826.652
3822.838	3828.811
3826.495	3830.549
3826.266	3830.754
3831.072	3831.883
3823.460	3831.907
3830.903	3833.454
3834.991	3838.818
3839.647	3840.236
3836.369	3842.203
3842.201	3844.589
3844.806	3845.247
3842.596	3845.968
3845.026	3846.515
3847.188	3847.850
3845.814	3851.134
3848.149	3851.806
3851.246	3853.908
3863.618	3873.422
3864.879	3873.464
3870.090	3874.029
3870.819	3874.902
3874.349	3876.162
3877.760	3879.072
3878.025	3880.311
3875.570	3880.982
3883.713	3884.283
3883.043	3885.498
3885.492	3886.505
3886.471	3889.486
3891.219	3893.689
3893.785	3898.919
3896.513	3902.359
3900.529	3904.782
3901.370	3907.011
3901.541	3908.604
3907.663	3910.496
3906.580	3911.865
3912.443	3916.191
3921.409	3926.758
3924.555	3932.038
3924.243	3934.008
3930.052	3935.428
3932.920	3938.545
3936.417	3938.751
3934.392	3941.403
3936.787	3942.567
3933.726	3943.269
3943.543	3943.795
3947.059	3950.745
3951.947	3953.518
3953.330	3959.266
3960.663	3962.690
3961.074	3964.689
3964.673	3968.017
3965.513	3969.964
3965.523	3970.734
3965.891	3972.046
3966.534	3974.363
3972.009	3974.715
3970.652	3974.725
3976.605	3977.897
3973.888	3978.019
3977.495	3979.616
3983.583	3985.537
3980.401	3987.463
3990.848	3992.211
3992.845	3994.092
3998.368	3999.880
4008.180	4011.502
4012.366	4014.036
4013.928	4014.513
4014.835	4021.257
4020.605	4026.245
4022.948	4027.002
4015.129	4028.829
4020.209	4029.009
4024.808	4029.854
4024.676	4029.869
4025.497	4034.799
4030.443	4035.019
4032.653	4035.520
4040.031	4043.213
4046.847	4047.675
4047.129	4051.374
4050.368	4053.933
4050.492	4056.286
4052.062	4056.875
4053.728	4059.809
4062.709	4063.763
4065.896	4066.609
4065.294	4069.216
4067.933	4071.029
4070.668	4072.772
4070.041	4076.345
4071.942	4077.632
4077.941	4081.193
4089.336	4092.776
4093.622	4098.044
4093.812	4100.498
4100.564	4106.177
4102.317	4112.484
4107.448	4113.271
4108.004	4114.613
4108.461	4117.651
4115.236	4118.097
4116.323	4119.787
4118.309	4119.909
4116.197	4120.964
4131.634	4137.965
4136.791	4139.499
4138.233	4142.038
4152.439	4161.119
4156.991	4164.751
4162.264	4168.504
4166.665	4171.675
4173.411	4174.230
4165.232	4174.687
4175.229	4182.166
4183.023	4186.890
4185.318	4190.749
4192.193	4192.938
4194.046	4195.342
4195.636	4197.132
4198.174	4200.236
4199.727	4206.235
4199.265	4206.560
4202.270	4207.722
4207.709	4209.839
4208.639	4210.622
4214.361	4216.277
4218.781	4221.099
4223.051	4223.805
4224.584	4226.057
4243.697	4250.609
4248.168	4252.907
4250.618	4255.687
4253.399	4258.002
4250.962	4258.750
4253.440	4259.426
4260.083	4261.867
4261.256	4263.316
4262.568	4266.593
4267.754	4270.535
4264.855	4270.654
4270.251	4271.969
4275.021	4276.882
4272.147	4279.439
4280.388	4284.064
4282.076	4284.235
4284.057	4290.962
4288.807	4292.563
4290.441	4294.421
4288.817	4295.090
4291.129	4298.294
4289.318	4298.401
4298.054	4300.835
4298.380	4301.305
4297.596	4301.326
4299.470	4301.911
4301.501	4304.083
4306.424	4307.492
4321.960	4328.556
4327.416	4332.575
4330.098	4334.819
4333.241	4336.602
4330.395	4338.657
4339.021	4339.744
4338.139	4339.768
4330.208	4340.389
4348.966	4350.390
4351.250	4355.492
4353.686	4357.624
4356.441	4362.260
4357.197	4363.144
4356.663	4363.794
4365.948	4367.739
4365.059	4368.876
4366.196	4369.560
4367.145	4371.378
4370.845	4372.137
4372.392	4375.413
4373.319	4376.701
4371.716	4377.871
4375.190	4377.987
4380.036	4382.569
4379.012	4385.437
4385.944	4391.026
4396.586	4397.325
4401.518	4403.204
4401.741	4404.671
4402.824	4408.015
4410.254	4412.930
4415.859	4419.664
4417.936	4423.305
4419.229	4426.083
4423.161	4426.391
4416.268	4426.694
4424.327	4428.384
4428.285	4428.892
4423.244	4431.315
4434.512	4437.908
4434.630	4438.706
4437.166	4438.943
4440.279	4442.854
4446.173	4450.001
4447.752	4450.940
4458.077	4461.202
4458.705	4461.974
4459.054	4462.526
4459.452	4463.724
4461.976	4463.865
4463.235	4466.172
4462.350	4466.914
4464.022	4469.175
4463.860	4471.913
4474.560	4475.325
4473.395	4477.005
4484.059	4488.053
4487.729	4490.179
4488.438	4493.708
4496.142	4501.602
4496.169	4506.379
4507.593	4508.598
4507.687	4510.207
4508.521	4511.559
4510.815	4514.635
4510.841	4518.222
4514.975	4519.086
4515.228	4520.798
4520.082	4522.628
4520.184	4524.083
4522.330	4525.986
4523.001	4526.463
4523.975	4527.831
4527.228	4529.326
4525.901	4531.751
4528.649	4532.792
4531.677	4534.571
4532.298	4536.762
4532.870	4536.853
4536.165	4540.179
4537.172	4541.920
4544.893	4549.118
4546.480	4550.480
4548.316	4550.969
4548.383	4553.264
4548.442	4553.412
4551.566	4554.937
4548.759	4556.147
4554.686	4556.276
4563.374	4567.130
4564.993	4567.678
4568.506	4571.993
4569.709	4573.058
4569.929	4575.484
4571.486	4576.861
4574.942	4577.058
4579.601	4582.184
4588.276	4593.105
4593.376	4596.027
4595.745	4599.630
4598.029	4603.182
4600.015	4606.260
4601.871	4607.290
4605.130	4607.721
4607.580	4613.356
4613.140	4616.934
4614.849	4618.500
4616.669	4621.113
4621.767	4623.279
4624.984	4626.774
4627.107	4629.171
4629.475	4635.409
4634.156	4638.263
4636.828	4640.542
4637.685	4642.601
4638.746	4645.196
4641.397	4645.216
4643.279	4645.995
4641.531	4646.852
4649.635	4650.595
4650.390	4652.655
4652.068	4654.143
4655.503	4658.344
4662.923	4667.056
4666.328	4668.170
4669.136	4670.392
4670.520	4672.022
4672.163	4674.639
4675.098	4680.980
4676.357	4683.835
4680.770	4687.864
4680.747	4689.376
4688.619	4690.055
4689.664	4692.378
4684.747	4694.510
4689.707	4695.289
4693.428	4695.921
4690.886	4698.628
4697.846	4702.470
4703.683	4705.747
4704.595	4707.572
4704.960	4708.271
4704.352	4708.525
4717.858	4721.544
4720.820	4722.956
4721.213	4725.685
4724.566	4728.338
4733.726	4734.314
4736.398	4741.171
4737.154	4742.468
4746.527	4747.374
4749.972	4751.763
4750.549	4755.936
4754.702	4760.897
4756.706	4763.447
4760.445	4764.550
4759.144	4764.720
4762.998	4765.388
4761.439	4766.247
4765.133	4766.605
4766.901	4769.711
4772.870	4775.459
4773.504	4779.337
4772.650	4779.704
4781.426	4785.339
4784.100	4786.933
4786.846	4788.411
4790.482	4792.440
4791.917	4794.369
4789.685	4795.049
4792.591	4796.366
4793.062	4798.620
4806.083	4810.002
4809.974	4814.137
4816.012	4817.908
4816.016	4820.104
4819.499	4823.739
4820.548	4825.475
4822.516	4829.379
4825.730	4831.894
4829.450	4833.981
4827.144	4835.212
4825.820	4835.435
4837.434	4838.161
4835.377	4838.420
4838.526	4841.026
4841.171	4843.283
4843.674	4845.021
4844.662	4846.868
4847.854	4848.478
4846.931	4848.981
4848.950	4849.792
4847.886	4852.635
4849.208	4853.112
4851.142	4854.969
4853.129	4855.610
4858.963	4859.517
4862.901	4871.404
4866.854	4874.839
4879.912	4881.067
4880.790	4886.176
4882.123	4887.832
4882.872	4889.700
4887.295	4890.107
4883.181	4890.518
4885.250	4891.633
4887.692	4892.090
4895.001	4896.240
4906.174	4911.996
4910.125	4914.198
4906.183	4914.503
4906.366	4915.291
4915.594	4917.005
4905.972	4917.576
4915.789	4918.597
4918.021	4919.900
4915.815	4920.402
4919.256	4921.034
4919.177	4922.340
4921.573	4923.594
4919.934	4923.737
4920.572	4923.773
4919.231	4924.278
4925.445	4926.910
4924.685	4928.225
4926.121	4929.532
4923.858	4930.055
4932.351	4933.309
4933.130	4935.350
4935.445	4938.733
4937.167	4939.569
4938.317	4939.957
4939.855	4941.338
4939.809	4942.232
4940.440	4942.567
4943.360	4945.667
4948.159	4949.593
4947.455	4949.667
4948.714	4951.951
4955.461	4956.493
4955.755	4958.816
4960.280	4961.472
4966.292	4969.027
4966.744	4969.216
4972.322	4973.945
4971.857	4975.724
4972.448	4980.021
4973.411	4980.428
4977.161	4980.720
4974.617	4983.860
4978.831	4984.994
4983.337	4987.038
4986.460	4988.542
4987.469	4989.287
4986.823	4991.441
4991.386	4993.215
4991.738	4995.294
5000.452	5001.874
5005.221	5010.504
5007.723	5013.448
5005.930	5014.295
5009.293	5014.550
5010.110	5015.196
5011.032	5015.909
5006.893	5016.394
5012.882	5017.130
5011.651	5017.507
5010.204	5019.186
5014.612	5022.561
5020.538	5024.413
5023.616	5026.561
5026.347	5027.447
5033.455	5033.921
5032.059	5036.036
5035.842	5039.378
5035.041	5039.605
5040.908	5043.195
5046.904	5048.452
5053.810	5056.743
5056.464	5059.617
5056.809	5064.862
5057.023	5065.739
5061.587	5067.359
5067.778	5070.057
5069.949	5073.324
5077.193	5081.212
5084.822	5086.640
5088.838	5089.652
5090.161	5092.221
5091.902	5094.498
5093.141	5097.584
5094.582	5098.928
5096.452	5100.720
5096.403	5101.831
5096.841	5103.000
5097.367	5106.189
5099.757	5106.882
5105.622	5107.038
5109.172	5109.607
5111.383	5113.730
5109.635	5115.193
5114.856	5117.262
5114.203	5118.997
5114.618	5119.091
5118.328	5121.966
5117.561	5124.443
5121.825	5125.819
5121.287	5126.415
5127.360	5129.334
5128.419	5132.323
5130.017	5135.291
5132.298	5136.566
5138.511	5139.835
5145.601	5152.885
5150.924	5156.408
5154.220	5158.716
5154.425	5160.586
5157.201	5161.759
5155.016	5165.028
5169.225	5169.668
5172.925	5174.747
5174.790	5178.275
5173.533	5181.562
5186.194	5187.765
5184.169	5189.315
5192.030	5194.373
5197.607	5200.939
5201.956	5203.042
5204.774	5207.809
5209.102	5216.250
5209.469	5216.811
5207.906	5217.489
5217.947	5219.951
5218.944	5220.214
5218.042	5220.867
5221.663	5223.566
5231.236	5233.498
5231.910	5233.860
5232.721	5237.703
5238.101	5238.401
5239.233	5244.060
5240.707	5245.955
5241.981	5248.860
5242.126	5251.652
5250.252	5252.654
5253.690	5255.387
5253.670	5255.827
5254.398	5256.398
5255.713	5258.783
5253.982	5261.725
5262.462	5263.175
5262.028	5264.297
5263.201	5264.459
5264.267	5267.180
5266.310	5273.677
5272.920	5276.026
5275.135	5281.413
5281.817	5282.505
5284.048	5284.823
5285.664	5288.862
5291.526	5296.084
5294.010	5299.265
5295.851	5300.041
5297.904	5300.986
5299.159	5301.371
5300.781	5303.012
5301.657	5304.389
5301.001	5305.039
5305.771	5307.161
5306.848	5308.785
5306.180	5308.922
5307.358	5311.871
5308.646	5312.047
5308.790	5315.237
5312.755	5319.172
5310.067	5319.376
5315.993	5320.910
5322.024	5325.171
5321.764	5325.394
5325.598	5326.636
5324.974	5329.627
5326.796	5333.623
5329.242	5334.602
5334.441	5336.259
5337.614	5341.387
5349.671	5352.727
5349.723	5354.705
5352.678	5355.414
5352.937	5357.924
5352.784	5358.667
5350.808	5359.587
5354.243	5359.668
5356.999	5360.282
5356.583	5361.217
5357.201	5363.689
5358.298	5364.182
5362.164	5364.963
5364.557	5370.212
5380.974	5387.459
5383.628	5392.335
5389.945	5396.540
5392.376	5399.096
5394.249	5402.409
5395.784	5402.596
5396.181	5403.986
5404.906	5405.790
5399.250	5406.096
5395.995	5406.230
5404.851	5407.252
5405.474	5407.785
5407.680	5408.972
5406.607	5409.179
5412.814	5416.650
5416.600	5418.512
5413.645	5420.463
5414.690	5423.056
5426.203	5427.011
5425.206	5428.321
5429.072	5430.791
5429.214	5431.767
5430.828	5436.590
5439.014	5439.857
5440.274	5442.293
5438.314	5442.697
5443.307	5444.753
5445.689	5446.440
5448.141	5449.452
5450.821	5453.156
5454.035	5458.134
5456.387	5460.858
5459.943	5463.319
5455.148	5465.124
5457.832	5465.448
5462.334	5469.718
5468.252	5470.035
5471.396	5472.515
5469.692	5473.494
5476.504	5480.582
5486.627	5489.085
5487.422	5496.038
5491.980	5496.429
5495.954	5497.379
5491.167	5498.714
5497.975	5498.940
5495.841	5499.924
5500.386	5505.148
5503.822	5507.004
5510.934	5514.772
5515.464	5518.930
5517.829	5521.342
5519.832	5525.869
5522.130	5526.638
5519.794	5527.517
5524.490	5527.963
5528.362	5531.613
5531.417	5531.927
5528.879	5531.938
5531.568	5532.500
5535.266	5536.253
5540.191	5541.258
5541.837	5544.884
5545.161	5545.370
5548.263	5550.090
5549.297	5551.748
5549.561	5554.534
5553.615	5556.961
5554.877	5560.862
5555.380	5562.838
5557.048	5563.822
5562.160	5565.732
5570.969	5571.322
5573.363	5574.573
5583.368	5585.272
5583.912	5587.880
5585.862	5591.469
5592.601	5593.040
5585.838	5593.209
5586.624	5594.552
5592.776	5597.108
5595.812	5598.326
5597.847	5601.208
5610.385	5613.061
5625.192	5631.529
5624.816	5631.803
5626.061	5638.653
5639.655	5642.130
5641.368	5646.072
5640.799	5646.102
5648.305	5649.580
5651.049	5652.674
5652.101	5654.994
5654.411	5655.327
5656.004	5658.256
5657.753	5659.568
5660.580	5662.840
5660.048	5663.189
5663.312	5668.800
5672.183	5673.701
5674.744	5679.288
5679.170	5680.218
5680.118	5683.252
5680.598	5686.407
5680.617	5687.751
5691.989	5693.165
5692.351	5693.807
5693.717	5697.496
5696.755	5698.525
5700.545	5702.603
5703.296	5704.881
5704.950	5711.575
5709.770	5715.744
5711.439	5715.804
5716.751	5717.012
5716.592	5720.566
5720.701	5723.038
5720.408	5724.739
5722.102	5724.856
5723.776	5727.731
5724.350	5728.357
5726.052	5730.091
5731.528	5731.989
5732.250	5733.980
5731.634	5736.354
5744.569	5747.846
5745.980	5748.724
5742.861	5749.714
5752.945	5755.858
5757.218	5762.098
5757.763	5762.378
5760.934	5765.886
5760.366	5767.365
5765.205	5770.544
5767.528	5771.036
5772.106	5773.858
5772.298	5778.356
5779.815	5782.013
5785.978	5788.393
5780.561	5789.861
5787.642	5791.094
5793.919	5798.514
5796.188	5800.847
5794.225	5804.886
5794.383	5805.625
5805.594	5807.685
5807.617	5809.425
5808.130	5810.105
5803.805	5811.256
5810.355	5811.938
5811.947	5815.203
5818.200	5821.317
5822.059	5825.348
5823.915	5828.825
5824.827	5830.595
5824.376	5830.633
5834.967	5836.796
5837.665	5840.490
5838.393	5841.913
5843.153	5844.704
5843.848	5845.416
5845.577	5847.755
5851.881	5853.116
5851.569	5853.289
5852.191	5854.090
5852.345	5855.556
5854.156	5857.878
5852.815	5858.521
5856.204	5861.394
5855.265	5861.909
5859.837	5863.097
5856.245	5863.610
5863.694	5866.187
5858.152	5867.279
5867.213	5867.985
5868.286	5869.385
5864.726	5873.380
5872.828	5873.405
5872.281	5873.584
5874.748	5881.426
5880.395	5882.837
5876.434	5882.907
5878.188	5882.975
5883.676	5884.869
5882.590	5888.132
5888.642	5890.293
5897.287	5898.998
5899.626	5902.625
5902.510	5906.236
5906.184	5908.307
5907.286	5912.060
5909.849	5913.365
5911.623	5914.474
5913.516	5915.889
5914.948	5917.878
5917.143	5920.954
5917.846	5922.680
5918.634	5924.669
5919.272	5925.297
5921.851	5927.000
5922.656	5928.615
5926.990	5930.039
5933.724	5935.478
5937.798	5940.106
5938.935	5941.433
5947.102	5951.743
5948.308	5953.480
5952.174	5954.667
5949.590	5954.919
5956.764	5957.185
5955.262	5958.501
5961.178	5966.003
5966.667	5969.217
5967.639	5973.297
5968.366	5976.902
5973.240	5977.352
5969.814	5977.770
5976.406	5979.580
5976.958	5981.032
5978.364	5981.575
5984.997	5988.271
5994.187	6000.279
5996.835	6005.938
6001.163	6007.543
6006.395	6012.984
6007.308	6014.072
6007.113	6015.262
6010.008	6016.071
6011.396	6017.811
6014.940	6018.831
6015.933	6019.326
6017.559	6019.424
6022.558	6024.678
6022.279	6024.872
6024.531	6025.208
6024.055	6027.953
6026.710	6029.836
6030.480	6035.773
6042.930	6044.283
6046.930	6048.276
6047.376	6054.929
6051.249	6059.883
6049.017	6059.944
6057.598	6062.280
6054.151	6062.771
6067.951	6068.200
6076.096	6077.479
6076.765	6081.511
6077.257	6084.214
6087.279	6090.755
6087.779	6092.902
6097.634	6100.189
6097.998	6105.588
6101.319	6107.116
6102.479	6107.516
6106.990	6110.341
6100.908	6111.785
6100.511	6111.809
6110.451	6113.573
6111.963	6113.826
6111.542	6113.933
6113.232	6115.011
6113.779	6115.311
6114.544	6117.911
6116.507	6118.192
6118.424	6121.448
6126.004	6127.020
6125.735	6128.960
6128.179	6130.478
6130.996	6133.849
6130.556	6134.510
6132.697	6136.863
6132.273	6138.041
6140.324	6142.475
6140.516	6143.811
6139.100	6144.315
6142.358	6145.375
6144.509	6146.126
6150.744	6154.798
6154.372	6156.715
6155.032	6160.962
6161.860	6167.242
6161.874	6169.619
6165.411	6172.079
6165.287	6172.965
6170.305	6173.567
6175.465	6179.221
6170.905	6181.685
6180.262	6182.671
6184.479	6186.121
6184.813	6186.777
6186.590	6188.589
6186.273	6188.796
6190.213	6193.817
6204.859	6211.276
6209.988	6213.263
6213.131	6214.056
6213.571	6215.019
6206.973	6215.028
6214.897	6222.209
6216.123	6223.730
6221.605	6225.678
6220.091	6226.295
6225.192	6226.457
6226.044	6228.025
6222.917	6228.113
6226.880	6229.203
6225.851	6230.459
6226.820	6231.374
6231.787	6233.097
6230.043	6234.270
6234.526	6237.991
6236.923	6241.108
6237.082	6242.883
6241.904	6243.776
6246.808	6248.600
6246.786	6249.363
6248.415	6254.738
6252.816	6254.865
6254.350	6259.783
6259.963	6260.734
6263.358	6266.602
6266.445	6271.255
6273.194	6276.875
6277.506	6278.404
6280.157	6281.012
6281.889	6283.369
6280.019	6284.503
6285.223	6286.256
6287.339	6289.535
6289.850	6292.515
6291.078	6292.730
6296.336	6297.963
6297.140	6300.166
6300.056	6301.097
6302.156	6302.700
6302.211	6305.750
6301.696	6306.381
6303.580	6309.464
6305.484	6310.117
6302.608	6311.311
6310.230	6312.886
6305.683	6313.284
6305.407	6313.901
6323.052	6325.212
6321.441	6326.011
6327.502	6328.758
6324.865	6329.512
6327.793	6331.424
6330.004	6331.646
6333.207	6336.306
6341.456	6341.963
6344.400	6345.350
6346.649	6350.529
6348.158	6351.948
6355.096	6359.642
6357.213	6361.086
6359.068	6362.094
6362.849	6364.799
6364.495	6368.876
6364.694	6372.128
6367.254	6372.785
6372.997	6377.295
6374.603	6379.036
6374.314	6379.545
6374.922	6380.415
6382.024	6385.187
6381.688	6387.277
6385.058	6389.073
6385.320	6391.326
6387.372	6393.252
6395.053	6396.623
6394.290	6397.752
6396.103	6399.393
6401.237	6403.493
6398.803	6404.694
6405.008	6405.747
6403.586	6405.835
6405.127	6408.108
6407.711	6409.515
6408.637	6410.309
6411.405	6413.591
6413.051	6414.260
6413.945	6418.452
6429.573	6438.943
6430.682	6439.629
6440.802	6444.711
6444.840	6447.382
6442.658	6452.994
6446.280	6455.854
6449.779	6457.853
6454.030	6458.279
6445.735	6458.706
6454.606	6460.461
6451.516	6460.835
6456.644	6461.808
6459.716	6463.433
6463.790	6466.317
6468.454	6469.951
6466.928	6471.217
6471.757	6474.840
6474.353	6478.453
6479.050	6481.046
6476.207	6481.363
6480.095	6481.820
6480.738	6484.355
6480.281	6486.040
6491.029	6492.033
6497.406	6499.175
6502.420	6505.179
6503.277	6509.284
6508.492	6517.690
6512.945	6519.425
6515.171	6521.537
6516.203	6523.134
6516.526	6523.376
6533.993	6541.135
6553.149	6560.027
6558.586	6563.633
6560.272	6565.369
6564.010	6570.590
6570.905	6575.498
6573.136	6576.660
6573.518	6580.096
6584.207	6587.217
6586.411	6588.107
6590.606	6598.280
6593.389	6601.661
6595.386	6602.423
6595.352	6602.786
6596.269	6603.826
6593.581	6605.154
6605.578	6607.555
6611.660	6612.240
6608.937	6615.551
6611.320	6615.623
6614.963	6616.276
6617.620	6621.491
6620.519	6623.239
6623.850	6626.922
6631.363	6632.821
6633.057	6638.049
6635.755	6639.186
6637.911	6640.282
6640.451	6644.707
6643.701	6647.728
6644.937	6650.840
6644.813	6652.327
6644.296	6652.681
6644.459	6653.151
6647.251	6654.440
6652.678	6655.596
6653.648	6656.128
6653.183	6656.169
6648.291	6657.351
6659.382	6660.902
6659.651	6661.375
6660.894	6663.104
6664.241	6666.643
6666.604	6666.794
6667.904	6670.439
6667.491	6671.734
6670.367	6672.053
6671.182	6673.437
6676.721	6679.838
6677.600	6681.818
6685.327	6688.381
6685.390	6688.629
6688.087	6689.636
6689.035	6692.293
6690.874	6694.447
6692.513	6695.348
6697.244	6700.821
6697.830	6701.723
6702.002	6707.793
6702.101	6709.436
6704.994	6711.541
6711.555	6713.843
6709.952	6715.564
6716.958	6717.992
6718.210	6719.711
6719.463	6720.375
6726.369	6728.620
6739.643	6748.543
6744.836	6750.844
6744.091	6753.076
6752.989	6755.925
6754.289	6757.212
6760.067	6765.409
6761.177	6766.609
6761.878	6768.602
6766.084	6768.691
6762.729	6769.322
6777.199	6779.445
6779.302	6782.192
6779.626	6783.221
6782.924	6783.852
6789.462	6790.587
6793.808	6796.823
6793.813	6799.478
6794.882	6800.302
6802.616	6803.747
6799.164	6805.240
6818.450	6826.946
6824.978	6829.344
6829.551	6835.031
6832.893	6838.614
6834.261	6840.405
6834.363	6840.482
6838.539	6840.745
6846.409	6847.184
6840.284	6848.581
6846.006	6850.532
6851.969	6852.780
6854.932	6856.291
6861.140	6862.075
6864.592	6866.369
6866.229	6866.824
6868.302	6870.888
6868.598	6873.214
6871.836	6876.692
6869.392	6876.933
6876.608	6877.814
6872.395	6880.689
6879.189	6881.114
6873.664	6882.439
6885.596	6889.725
6887.218	6889.728
6889.523	6893.530
6891.089	6895.085
6895.106	6896.450
6897.913	6900.203
6906.218	6906.997
6906.654	6910.301
6908.031	6913.193
6907.043	6914.586
6913.675	6916.321
6914.318	6917.868
6910.768	6918.411
6915.223	6918.708
6917.809	6920.067
6918.686	6920.734
6924.069	6925.285
6923.747	6925.651
6928.904	6931.782
6928.429	6932.825
6932.482	6936.452
6936.836	6939.602
6945.042	6946.858
6951.680	6952.758
6951.751	6953.727
6954.842	6955.593
6961.735	6965.854
6965.938	6968.194
6967.668	6971.997
6971.632	6975.089
6972.587	6977.216
6977.230	6981.146
6978.719	6984.998
6988.826	6991.187
6988.906	6993.900
6991.404	6998.577
6991.801	6999.950
6995.953	6999.951
7006.020	7008.291
7007.955	7012.067
7013.972	7019.830
7014.054	7020.733
7013.214	7021.060
7020.460	7021.995
7018.699	7022.632
7020.209	7025.042
7023.651	7026.365
7030.262	7032.641
7033.208	7035.594
7030.512	7036.370
7034.770	7038.191
7037.000	7041.049
7034.902	7041.387
7035.949	7041.963
7034.553	7042.792
7041.973	7043.425
7034.429	7043.624
7039.203	7045.676
7047.402	7049.891
7053.480	7055.897
7052.944	7057.197
7056.302	7057.902
7062.282	7063.698
7063.104	7065.449
7065.743	7067.854
7078.446	7088.828
7081.321	7091.665
7084.775	7092.716
7085.839	7094.714
7099.825	7103.320
7104.912	7105.691
7106.026	7110.175
7107.052	7111.409
7107.066	7112.518
7114.846	7116.890
7108.940	7119.087
7119.236	7122.430
7119.692	7123.980
7120.483	7124.799
7120.985	7125.018
7122.491	7125.638
7121.844	7127.201
7123.006	7130.696
7125.308	7130.763
7132.326	7134.930
7137.835	7142.292
7140.610	7146.349
7141.696	7147.827
7149.201	7151.516
7148.524	7151.653
7150.009	7155.111
7149.313	7155.500
7157.915	7159.053
7154.469	7159.675
7158.979	7159.924
7159.688	7165.618
7162.585	7166.760
7169.147	7169.791
7170.834	7172.138
7171.083	7173.909
7164.632	7174.095
7172.042	7175.359
7174.160	7177.681
7171.292	7177.961
7177.744	7182.621
7180.065	7183.057
7180.093	7184.934
7190.577	7193.148
7188.826	7194.011
7192.798	7196.225
7193.408	7196.471
7194.893	7201.240
7197.558	7203.622
7194.205	7203.978
7205.272	7207.626
7204.396	7209.782
7206.501	7210.038
7207.469	7211.214
7207.553	7212.557
7207.583	7213.687
7211.922	7214.910
7222.889	7224.816
7222.765	7225.829
7224.837	7228.133
7223.118	7228.960
7225.874	7230.338
7226.683	7231.730
7232.507	7233.948
7233.120	7234.799
7233.738	7236.022
7240.495	7242.445
7243.284	7246.982
7246.594	7249.049
7249.747	7251.987
7249.822	7256.420
7260.719	7264.448
7260.802	7266.292
7261.539	7267.987
7263.382	7269.161
7268.575	7270.719
7277.129	7279.060
7277.103	7282.338
7277.554	7283.413
7278.022	7283.495
7277.600	7284.092
7285.276	7286.384
7285.023	7286.964
7288.132	7289.154
7288.109	7289.915
7289.925	7291.578
7289.069	7291.771
7287.490	7292.956
7292.161	7293.616
7300.232	7301.013
7298.075	7302.064
7302.409	7304.546
7303.344	7305.218
7303.911	7308.278
7305.775	7310.492
7307.206	7312.721
7314.502	7316.974
7313.834	7317.487
7314.576	7318.018
7316.523	7320.530
7314.727	7320.589
7317.968	7321.080
7315.817	7321.516
7324.032	7327.836
7327.754	7332.340
7330.325	7333.439
7335.420	7337.534
7341.456	7344.514
7341.648	7344.528
7344.986	7349.635
7345.388	7349.872
7349.215	7352.357
7346.899	7353.171
7348.310	7353.349
7349.345	7354.701
7353.463	7355.483
7349.962	7359.033
7362.475	7363.477
7369.341	7371.150
7369.407	7373.171
7371.816	7374.920
7374.523	7379.623
7372.420	7381.284
7379.342	7384.066
7376.702	7385.086
7377.471	7385.246
7384.751	7385.265
7377.208	7385.996
7379.496	7386.073
7391.066	7394.843
7395.677	7396.974
7391.023	7398.516
7400.890	7402.367
7403.533	7404.841
7401.005	7405.036
7405.373	7407.241
7405.924	7407.353
7410.804	7412.533
7413.191	7415.899
7417.972	7420.868
7425.786	7426.595
7435.794	7438.244
7438.898	7442.063
7444.791	7447.282
7444.978	7450.341
7446.156	7451.367
7451.357	7453.074
7447.996	7453.304
7450.048	7454.704
7456.209	7457.012
7458.703	7460.701
7464.060	7470.343
7465.732	7471.624
7473.856	7477.589
7475.113	7481.001
7489.374	7493.277
7491.761	7493.474
7493.114	7495.946
7495.883	7501.066
7499.522	7502.344
7496.204	7504.016
7502.139	7507.105
7506.812	7511.125
7508.591	7512.292
7507.037	7514.126
7515.401	7517.037
7511.292	7518.890
7511.112	7520.254
7521.991	7525.231
7524.799	7528.275
7528.926	7530.722
7537.184	7538.478
7538.916	7544.088
7540.965	7545.589
7547.225	7550.328
7550.452	7553.491
7551.377	7560.025
7553.921	7560.180
7558.088	7560.311
7563.796	7565.200
7563.399	7566.665
7564.319	7566.701
7567.642	7568.364
7571.238	7575.904
7574.974	7582.053
7576.894	7582.601
7578.277	7586.838
7587.504	7587.913
7588.344	7589.938
7589.310	7592.433
7589.381	7592.791
7592.438	7595.099
7589.634	7595.509
7595.543	7597.513
7596.249	7600.407
7600.633	7605.433
7600.099	7605.748
7601.962	7608.628
7609.147	7611.209
7604.855	7612.724
7610.870	7615.044
7615.590	7620.922
7617.415	7621.570
7620.530	7624.015
7625.653	7627.946
7628.016	7631.164
7630.378	7631.652
7638.196	7640.204
7638.098	7640.620
7638.251	7643.411
7641.624	7643.775
7638.356	7644.361
7639.421	7645.731
7644.373	7647.122
7647.641	7651.037
7647.690	7651.725
7653.606	7656.463
7654.381	7656.744
7664.164	7665.028
7665.377	7668.645
7670.699	7671.555
7674.263	7675.924
7674.329	7678.681
7676.379	7680.530
7677.809	7683.412
7692.147	7696.503
7692.901	7698.600
7694.897	7701.022
7697.106	7701.105
7694.337	7701.196
7699.871	7702.671
7694.884	7703.172
7700.378	7703.484
7705.570	7706.577
7706.288	7710.486
7714.203	7715.780
7717.400	7719.718
7727.541	7729.678
7729.187	7734.380
7734.395	7739.682
7737.050	7740.768
7740.636	7743.600
7742.146	7746.011
7744.193	7746.979
7746.273	7749.491
7745.099	7751.702
7753.928	7758.468
7753.695	7760.668
7759.027	7762.791
7763.493	7765.832
7765.102	7766.524
7762.988	7766.746
7770.255	7772.257
7772.286	7773.818
7774.312	7774.712
7776.314	7779.049
7776.853	7782.237
7790.222	7794.029
7794.164	7796.462
7796.344	7800.993
7795.125	7800.996
7799.858	7802.973
7805.690	7807.404
7807.981	7810.152
7808.944	7811.248
7810.214	7815.939
7812.462	7819.250
7822.153	7823.504
7818.675	7823.610
7822.883	7824.973
7822.941	7825.521
7826.002	7829.217
7826.875	7829.431
7832.854	7836.001
7833.354	7838.052
7849.350	7856.072
7853.960	7859.132
7854.836	7861.239
7854.791	7861.507
7859.747	7862.457
7860.082	7862.656
7860.553	7863.739
7861.939	7863.782
7862.765	7865.672
7862.480	7866.749
7865.041	7867.321
7868.080	7870.868
7872.476	7873.587
7872.797	7874.691
7872.646	7874.840
7874.623	7876.352
7878.491	7884.700
7879.157	7885.329
7881.743	7887.121
7882.077	7887.861
7888.618	7892.469
7894.526	7896.688
7902.396	7906.337
7903.804	7907.472
7904.050	7908.250
7908.911	7912.880
7910.574	7915.886
7913.396	7918.056
7911.803	7918.458
7916.925	7920.166
7922.281	7923.860
7923.166	7927.374
7923.789	7929.736
7920.645	7930.737
7923.634	7931.299
7933.148	7941.157
7942.919	7944.756
7943.118	7948.771
7945.687	7950.192
7956.022	7960.708
7958.473	7962.022
7968.555	7970.506
7969.004	7971.856
7972.634	7975.384
7977.893	7980.498
7978.894	7984.730
7978.241	7985.727
7987.269	7989.735
7988.027	7990.563
7990.766	7994.731
7997.702	8000.100
8001.252	8003.761
8005.489	8009.169
8006.504	8010.882
8011.916	8015.375
8013.801	8017.858
8012.341	8018.536
8015.720	8020.546
8019.296	8022.647
8019.197	8024.202
8019.520	8024.298
8021.315	8025.804
8020.831	8028.457
8028.184	8029.914
8029.859	8030.273
8032.402	8034.829
8033.988	8040.220
8039.591	8041.125
8047.014	8049.783
8053.603	8055.665
8053.844	8057.515
8056.541	8058.839
8060.828	8066.635
8067.958	8070.669
8070.279	8074.352
8072.092	8077.496
8072.669	8079.120
8077.312	8080.141
8072.646	8080.276
8073.672	8080.806
8072.739	8080.923
8078.782	8083.390
8081.012	8084.712
8081.917	8085.806
8092.268	8092.952
8099.497	8102.767
8100.373	8104.626
8102.077	8107.450
8103.514	8108.406
8108.009	8110.148
8101.759	8110.506
8104.304	8110.601
8109.081	8112.422
8112.466	8112.968
8112.389	8116.695
8115.971	8118.053
8118.869	8120.257
8119.849	8122.926
8124.061	8126.631
8129.766	8131.507
8136.514	8141.077
8139.902	8146.071
8141.554	8148.171
8144.066	8148.576
8148.168	8151.018
8149.252	8153.921
8155.391	8161.218
8159.805	8162.130
8163.192	8166.452
8167.257	8168.275
8167.407	8171.474
8172.198	8173.537
8173.889	8175.554
8177.202	8180.369
8181.782	8183.809
8180.208	8185.994
8185.584	8190.647
8191.155	8194.244
8206.041	8213.874
8205.990	8215.706
8213.081	8219.797
8217.343	8220.628
8219.931	8222.097
8224.035	8225.701
8226.739	8231.456
8226.857	8233.424
8225.258	8234.525
8234.391	8239.254
8239.096	8242.101
8241.172	8244.093
8243.881	8249.165
8249.362	8250.235
8248.843	8251.723
8251.775	8253.700
8255.444	8257.419
8257.942	8262.231
8268.686	8270.489
8269.532	8272.361
8272.782	8274.307
8277.096	8279.489
8278.512	8280.095
8286.562	8288.490
8288.080	8292.711
8289.066	8294.599
8288.532	8294.904
8290.493	8297.419
8302.891	8305.857
8309.931	8315.183
8316.499	8317.699
8319.608	8323.453
8321.607	8329.141
8324.545	8331.060
8327.200	8331.199
8336.043	8338.996
8337.469	8339.010
8338.890	8342.248
8342.623	8344.613
8347.276	8350.995
8351.117	8352.379
8351.614	8355.254
8354.482	8357.158
8355.377	8360.507
8357.161	8363.012
8357.524	8363.651
8357.135	8363.980
8356.292	8364.338
8360.708	8365.140
8365.571	8365.909
8365.248	8369.275
8373.948	8375.842
8375.739	8376.815
8380.098	8381.287
8380.219	8383.475
8380.457	8384.860
8385.271	8386.906
8385.561	8388.373
8385.670	8390.683
8388.732	8392.137
8388.860	8394.505
8390.391	8396.190
8395.215	8396.889
8395.561	8399.889
8400.844	8403.787
8407.728	8411.476
8418.274	8422.113
8420.995	8422.876
8425.916	8428.816
8426.411	8434.151
8428.850	8436.516
8434.800	8436.563
8441.071	8443.382
8440.533	8444.900
8446.112	8449.493
8449.615	8450.534
8447.562	8450.839
8454.174	8457.195
8457.327	8458.556
8458.454	8461.204
8463.990	8467.698
8471.620	8472.129
8476.343	8480.950
8476.533	8482.583
8476.489	8482.824
8479.280	8485.168
8485.396	8486.057
8479.540	8486.097
8478.981	8487.523
8485.536	8488.488
8487.518	8490.627
8486.479	8492.305
8495.222	8498.922
8503.600	8505.988
8507.986	8511.597
8509.740	8512.828
8510.096	8514.948
8519.578	8522.040
8520.301	8523.703
8523.229	8526.187
8527.536	8531.281
8529.572	8535.520
8535.764	8538.461
8543.751	8546.581
8545.053	8549.511
8548.584	8550.707
8550.478	8556.450
8548.868	8559.401
8553.665	8560.285
8559.989	8562.962
8555.918	8563.257
8554.583	8563.415
8560.666	8564.970
8567.967	8570.087
8568.401	8570.454
8569.121	8574.129
8571.844	8574.730
8572.591	8575.142
8579.096	8581.511
8577.826	8582.598
8579.485	8583.948
8582.644	8584.597
8584.238	8586.667
8587.371	8589.937
8587.032	8591.485
8587.527	8591.886
8590.595	8592.934
8591.229	8593.186
8588.527	8593.236
8591.896	8596.112
8597.064	8597.471
8599.074	8600.420
8597.856	8600.992
8604.932	8606.736
8622.549	8629.458
8626.776	8633.104
8627.209	8634.730
8631.613	8635.274
8636.205	8638.927
8631.343	8641.081
8637.128	8641.278
8637.835	8642.867
8639.860	8643.942
8639.422	8644.730
8643.000	8646.436
8647.950	8650.509
8651.086	8654.035
8655.648	8658.081
8656.151	8660.721
8657.060	8661.436
8662.250	8665.652
8663.379	8668.137
8667.305	8670.998
8669.696	8671.550
8670.158	8674.705
8670.873	8677.886
8678.209	8678.829
8684.843	8686.662
8687.432	8692.154
8687.478	8692.407
8687.527	8696.875
8695.459	8698.499
8700.039	8701.952
8703.458	8704.480
8704.317	8706.075
8711.155	8713.154
8711.372	8716.511
8714.700	8721.237
8718.030	8722.789
8719.351	8724.389
8724.137	8725.619
8724.738	8726.509
8734.098	8737.633
8741.817	8744.598
8743.000	8749.352
8748.669	8750.265
8744.143	8751.646
8749.870	8751.899
8752.407	8753.051
8755.763	8760.498
8764.063	8768.228
8768.070	8771.173
8768.992	8773.241
8770.460	8774.915
8770.237	8776.845
8775.121	8778.412
8780.442	8782.554
8781.163	8784.515
8784.202	8786.808
8782.988	8789.311
8785.151	8792.060
8785.236	8792.085
8787.817	8793.541
8796.404	8799.793
8800.949	8802.297
8796.940	8804.291
8805.186	8807.820
8807.376	8810.331
8812.760	8814.204
8814.333	8814.893
8817.106	8819.915
8817.307	8820.946
8817.781	8821.353
8820.308	8821.927
8827.420	8830.257
8825.584	8830.794
8835.168	8837.563
8838.621	8840.282
8837.113	8840.648
8842.995	8844.101
8850.234	8855.049
8856.842	8859.668
8859.920	8865.666
8861.667	8868.017
8860.611	8869.169
8864.101	8869.635
8865.116	8871.324
8863.996	8872.241
8870.373	8872.248
8869.547	8872.346
8873.358	8875.314
8874.393	8876.462
8874.802	8878.701
8877.998	8880.250
8879.061	8880.927
8877.068	8881.171
8875.961	8881.855
8886.227	8890.269
8888.671	8890.813
8890.635	8892.182
8891.512	8893.824
8892.489	8897.013
8897.078	8899.089
8898.239	8901.154
8898.700	8902.523
8900.100	8905.679
8903.297	8907.371
8911.370	8913.031
8916.483	8917.901
8918.435	8920.189
8918.962	8921.448
8925.168	8927.537
8925.284	8928.648
8927.781	8930.670
8937.950	8942.032
8941.153	8946.359
8939.039	8948.154
8943.729	8948.305
8944.058	8948.928
8942.195	8949.954
8950.653	8951.819
8950.258	8952.780
8946.805	8952.986
8951.473	8954.680
8950.683	8956.153
8954.352	8956.547
8952.723	8957.637
8957.912	8960.785
8960.011	8962.220
8960.161	8964.370
8960.106	8964.868
8961.836	8964.973
8962.363	8967.408
8967.081	8969.478
8970.996	8975.633
8975.654	8976.707
8978.395	8981.521
8979.067	8983.221
8983.555	8984.510
8984.530	8989.877
8986.573	8992.174
8985.045	8993.131
8985.159	8998.617
8995.432	8999.033
8998.725	9004.091
9001.807	9004.217
9003.173	9005.235
9004.810	9008.167
9011.678	9012.932
9031.216	9038.530
9032.375	9040.028
9034.908	9040.254
9037.463	9042.141
9039.509	9042.711
9036.815	9043.689
9044.320	9045.675
9045.801	9046.751
9039.776	9048.702
9048.836	9051.165
9053.933	9055.635
9053.166	9058.468
9062.363	9064.035
9074.759	9080.839
9076.656	9083.811
9079.786	9084.681
9083.731	9086.126
9076.871	9086.863
9088.031	9090.475
9088.977	9090.972
9090.092	9092.125
9092.849	9094.031
9089.838	9094.664
9083.028	9096.005
9096.879	9101.879
9100.266	9103.452
9101.307	9103.713
9102.473	9104.006
9102.315	9105.890
9103.025	9107.039
9103.864	9107.717
9104.656	9108.752
9104.533	9109.024
9106.112	9109.040
9108.140	9110.837
9108.148	9111.227
9109.521	9114.892
9106.140	9115.186
9110.317	9116.399
9113.726	9117.035
9113.942	9119.249
9109.812	9122.485
9121.533	9123.527
9118.274	9124.142
9124.458	9125.687
9126.620	9131.862
9130.991	9132.042
9130.280	9134.010
9132.543	9135.258
9132.531	9135.280
9132.480	9136.088
9134.078	9137.425
9136.820	9139.335
9146.438	9149.352
9151.654	9154.629
9151.811	9155.507
9158.935	9159.490
9160.375	9163.978
9161.904	9168.048
9162.399	9168.739
9162.673	9170.498
9164.392	9171.281
9172.100	9173.355
9166.638	9173.750
9175.221	9178.280
9178.418	9182.879
9175.830	9186.258
9184.142	9188.143
9183.330	9188.994
9185.130	9190.221
9185.982	9191.750
9196.668	9199.909
9199.527	9201.535
9196.213	9202.545
9200.810	9204.434
9204.497	9205.722
9207.185	9209.396
9206.479	9210.168
9212.796	9215.946
9214.996	9219.049
9215.765	9220.728
9215.060	9220.847
9217.403	9222.309
9216.292	9223.374
9217.911	9223.683
9224.953	9225.821
9223.551	9226.155
9220.872	9227.211
9225.804	9227.523
9230.031	9231.660
9228.685	9234.906
9234.205	9236.651
9239.904	9242.850
9243.537	9246.077
9251.534	9253.534
9252.558	9255.511
9258.000	9262.946
9259.487	9264.797
9265.063	9267.451
9267.808	9269.637
9268.773	9274.084
9269.712	9276.683
9275.269	9279.019
9277.629	9283.384
9280.108	9284.406
9277.156	9284.437
9280.544	9285.117
9281.586	9287.619
9285.848	9287.731
9280.725	9289.495
9292.204	9293.544
9286.515	9293.551
9293.509	9294.937
9292.322	9295.214
9293.496	9297.045
9296.836	9301.911
9299.564	9305.634
9303.948	9306.479
9308.779	9309.799
9315.589	9320.956
9318.468	9323.222
9317.163	9323.860
9321.148	9328.255
9323.664	9328.266
9323.049	9328.993
9325.283	9331.440
9326.703	9332.507
9332.981	9334.467
9333.222	9335.119
9340.427	9343.667
9336.929	9343.748
9347.435	9347.971
9349.836	9352.965
9353.327	9356.993
9353.703	9358.982
9359.613	9361.961
9359.765	9363.675
9362.441	9366.641
9363.527	9369.544
9362.783	9370.501
9366.851	9372.898
9368.233	9374.286
9371.544	9377.112
9372.254	9378.781
9373.759	9379.458
9372.542	9379.875
9375.773	9380.229
9380.515	9384.379
9386.265	9387.660
9387.624	9390.475
9395.792	9398.885
9398.159	9401.416
9400.742	9402.623
9398.741	9403.495
9403.997	9408.883
9408.474	9410.303
9408.110	9412.829
9418.744	9421.351
9421.084	9422.767
9421.070	9423.667
9422.045	9425.595
9427.144	9430.986
9428.372	9432.813
9431.614	9434.783
9427.304	9434.959
9432.003	9438.043
9435.619	9438.480
9438.162	9438.987
9439.056	9442.104
9443.806	9448.187
9444.022	9449.010
9444.636	9449.240
9448.767	9451.280
9452.096	9453.067
9451.399	9454.305
9453.521	9457.531
9459.452	9462.057
9458.909	9462.657
9459.642	9463.804
9461.614	9467.439
9465.544	9468.519
9462.266	9470.176
9466.345	9470.694
9466.945	9472.691
9469.663	9473.518
9478.832	9479.653
9481.103	9492.460
9490.783	9496.094
9504.436	9505.877
9508.414	9509.216
9510.853	9515.462
9512.183	9519.192
9514.564	9519.564
9515.129	9520.668
9512.418	9520.778
9519.144	9521.421
9517.520	9522.337
9521.469	9523.389
9523.918	9524.746
9526.264	9530.308
9533.763	9536.990
9536.070	9542.071
9536.427	9543.160
9542.592	9547.004
9546.458	9548.311
9547.768	9549.503
9549.443	9552.975
9551.804	9554.626
9556.389	9557.794
9553.224	9558.649
9574.305	9581.456
9574.458	9581.661
9581.588	9585.302
9594.758	9595.913
9600.437	9601.806
9602.215	9604.032
9605.325	9607.102
9607.121	9608.331
9608.456	9612.093
9608.941	9614.087
9609.582	9614.773
9613.049	9615.912
9611.435	9617.125
9615.732	9617.496
9616.682	9618.153
9612.383	9620.154
9621.783	9624.395
9624.361	9625.917
9622.047	9627.282
9622.782	9628.075
9625.049	9628.078
9630.232	9631.435
9633.002	9634.641
9632.168	9635.292
9632.350	9635.325
9636.429	9638.579
9638.501	9639.156
9639.214	9640.167
9639.178	9642.481
9643.271	9645.934
9644.396	9646.463
9645.513	9647.198
9645.195	9647.970
9647.525	9648.760
9637.485	9649.550
9651.360	9652.301
9659.757	9661.575
9667.465	9672.210
9669.472	9674.327
9667.514	9675.902
9675.235	9677.249
9671.369	9677.930
9673.646	9679.938
9682.735	9684.927
9685.310	9688.637
9686.946	9691.928
9696.347	9700.369
9698.431	9700.886
9698.455	9702.101
9701.273	9703.873
9710.858	9712.190
9713.883	9718.793
9714.520	9722.273
9719.725	9723.215
9719.829	9724.617
9725.194	9728.149
9725.608	9730.524
9730.865	9733.744
9731.427	9735.505
9731.879	9737.358
9734.710	9737.718
9732.707	9738.619
9738.078	9740.565
9740.340	9742.224
9740.130	9745.608
9748.738	9750.130
9755.363	9761.264
9755.253	9763.879
9753.948	9764.206
9766.293	9769.054
9756.867	9771.180
9775.612	9777.276
9776.239	9779.546
9775.083	9781.311
9786.996	9789.231
9788.177	9789.411
9791.580	9795.144
9799.135	9802.602
9804.128	9805.523
9808.789	9810.784
9811.499	9813.726
9816.210	9822.498
9823.676	9826.876
9824.360	9828.203
9816.977	9828.936
9828.931	9830.590
9824.736	9831.690
9842.523	9850.568
9846.588	9853.039
9849.643	9855.767
9854.575	9860.155
9849.377	9860.850
9851.790	9861.246
9852.352	9862.119
9858.757	9862.736
9856.082	9863.414
9856.513	9865.813
9867.252	9868.481
9866.820	9869.376
9863.236	9869.705
9875.121	9876.792
9882.801	9889.824
9894.948	9898.565
9884.070	9899.602
9895.552	9901.456
9897.012	9901.886
9902.265	9904.155
9903.955	9905.010
9902.522	9906.466
9903.983	9907.266
9904.662	9909.013
9905.920	9911.994
9911.051	9912.706
9914.140	9916.038
9913.856	9919.882
9918.689	9921.775
9922.755	9923.992
9923.801	9925.939
9924.345	9930.356
9928.138	9933.103
9936.063	9936.962
9936.770	9939.619
9939.069	9940.641
9937.914	9942.373
9948.812	9949.646
9949.015	9951.327
9948.962	9952.617
9949.589	9953.310
9951.363	9956.124
9961.013	9963.801
9961.120	9965.242
9965.685	9966.272
9967.814	9970.055
9974.126	9978.959
9983.616	9985.596
9987.232	9990.155
9988.054	9992.872
9994.946	10000.406
9994.980	10003.764
10007.604	10008.832
10009.128	10009.761
10010.027	10011.929
10016.157	10019.534
10018.129	10023.349
10019.521	10023.681
10020.562	10025.968
10022.929	10027.467
10025.014	10029.357
10027.526	10029.559
10026.650	10030.326
10022.114	10031.429
10028.012	10031.884
10032.353	10035.161
10027.543	10037.533
10035.876	10040.374
10043.229	10043.873
10043.690	10048.961
10051.149	10053.086
10057.385	10062.842
10058.616	10063.426
10067.445	10068.102
10079.227	10087.284
10086.891	10090.949
10084.566	10090.957
10092.744	10097.107
10093.223	10098.153
10093.630	10099.758
10094.057	10101.427
10097.447	10106.531
10106.654	10108.658
10107.272	10109.218
10107.692	10110.666
10113.882	10117.165
10119.896	10124.522
10120.285	10127.887
10122.225	10128.117
10121.314	10128.120
10122.246	10128.918
10122.695	10130.471
10120.382	10130.777
10127.845	10130.847
10129.774	10131.139
10128.034	10132.242
10133.376	10139.792
10138.011	10140.565
10138.421	10140.593
10140.007	10141.247
10136.953	10143.815
10141.282	10144.419
10143.968	10145.360
10145.810	10147.114
10142.980	10148.642
10156.302	10159.834
10156.280	10161.008
10157.049	10162.810
10162.452	10165.064
10164.429	10169.562
10168.807	10171.410
10169.042	10174.714
10182.172	10184.110
10182.179	10185.647
10186.587	10189.762
10187.392	10192.879
10190.945	10200.123
10195.612	10200.560
10199.401	10204.718
10208.249	10211.008
10208.968	10215.137
10214.429	10217.529
10217.177	10220.539
10217.755	10221.955
10218.458	10222.994
10218.730	10223.534
10226.527	10230.055
10225.381	10230.258
10227.744	10232.016
10228.116	10232.418
10232.759	10235.935
10235.735	10237.101
10235.080	10240.205
10242.462	10243.990
10240.266	10246.392
10246.958	10248.668
10252.067	10253.437
10250.454	10254.432
10253.326	10256.252
10259.706	10261.849
10260.583	10263.163
10260.277	10263.450
10266.175	10267.971
10269.497	10273.461
10276.928	10279.015
10279.623	10281.054
10300.253	10307.051
10302.054	10309.176
10305.186	10309.889
10301.866	10309.897
10306.015	10309.955
10307.437	10311.797
10311.955	10313.029
10308.749	10314.589
10309.878	10314.814
10314.563	10315.920
10314.773	10316.779
10321.165	10324.200
10326.204	10327.176
10322.385	10328.630
10327.783	10331.269
10327.420	10332.713
10328.924	10333.754
10330.690	10336.439
10333.841	10338.204
10329.654	10339.590
10337.084	10341.213
10337.691	10342.068
10341.182	10345.691
10343.917	10345.828
10344.423	10347.525
10347.069	10348.347
10346.902	10349.841
10350.157	10351.014
10351.039	10352.208
10353.583	10354.907
10361.514	10364.491
10365.015	10372.920
10367.349	10374.325
10369.760	10374.868
10370.573	10375.724
10372.540	10377.145
10374.480	10377.216
10372.379	10380.188
10384.331	10385.849
10386.329	10389.855
10390.223	10392.007
10396.881	10402.018
10399.663	10405.211
10399.265	10405.631
10412.855	10414.601
10414.887	10415.554
10416.483	10422.826
10416.667	10423.396
10425.699	10426.921
10420.338	10428.849
10427.869	10429.689
10428.454	10430.395
10432.555	10435.574
10431.955	10436.250
10434.553	10437.427
10433.773	10440.161
10436.691	10441.781
10439.688	10443.094
10442.023	10444.325
10442.539	10444.579
10444.012	10446.056
10443.303	10447.178
10446.052	10447.436
10455.525	10457.738
10458.571	10459.032
10464.177	10466.891
10464.447	10467.626
10464.518	10469.517
10468.666	10471.086
10466.766	10474.223
10467.511	10474.430
10472.418	10476.393
10472.699	10480.037
10478.720	10481.892
10480.240	10483.028
10483.122	10484.607
10482.814	10485.871
10482.938	10487.339
10486.318	10490.546
10486.428	10490.596
10489.321	10491.549
10490.387	10492.867
10491.407	10493.303
10500.300	10504.495
10505.982	10507.948
10507.029	10513.975
10509.780	10514.960
10508.418	10515.966
10518.541	10519.956
10509.415	10520.336
10521.547	10524.864
10525.128	10526.828
10526.705	10530.267
10527.373	10530.378
10530.220	10532.397
10531.025	10535.935
10538.017	10541.317
10546.302	10548.243
10556.133	10559.886
10556.824	10561.968
10557.827	10563.573
10563.494	10567.728
10565.281	10568.798
10567.616	10571.928
10571.866	10573.237
10571.191	10574.467
10573.891	10579.749
10573.642	10580.611
10573.981	10582.457
10583.848	10584.474
10587.506	10588.545
10590.285	10592.112
10590.940	10593.858
10591.940	10595.193
10599.142	10601.906
10613.709	10623.467
10623.990	10624.766
10616.648	10626.099
10625.425	10626.983
10630.729	10633.949
10634.449	10638.505
10635.163	10640.077
10642.482	10645.787
10642.441	10646.425
10645.318	10647.588
10643.374	10649.232
10653.266	10654.328
10654.837	10656.142
10654.506	10657.204
10658.500	10664.270
10662.032	10666.924
10661.667	10668.504
10665.370	10669.243
10666.773	10669.955
10668.335	10671.949
10676.405	10677.542
10681.507	10685.240
10692.314	10693.886
10695.774	10697.648
10697.170	10701.960
10699.144	10705.145
10698.506	10705.207
10698.943	10705.831
10704.183	10706.681
10704.864	10706.863
10701.690	10707.674
10701.192	10707.962
10706.860	10712.245
10713.384	10717.323
10715.173	10717.800
10723.581	10725.436
10722.558	10726.527
10723.995	10728.374
10727.505	10730.736
10729.130	10732.741
10732.286	10733.017
10734.756	10737.814
10737.681	10738.323
10736.391	10742.153
10738.383	10742.664
10751.949	10753.963
10752.598	10756.638
10754.365	10758.905
10760.734	10767.078
10765.575	10773.507
10777.161	10783.663
10779.951	10787.003
10786.694	10787.669
10780.908	10787.867
10786.889	10788.854
10796.737	10799.062
10795.041	10799.628
10800.011	10802.407
10806.425	10807.983
10808.515	10812.573
10813.421	10819.082
10818.633	10821.691
10820.666	10824.294
10827.583	10831.812
10828.398	10832.991
10832.405	10837.119
10837.371	10839.176
10828.886	10839.360
10838.887	10841.416
10838.975	10841.578
10840.577	10843.858
10841.520	10845.009
10841.307	10845.329
10844.670	10846.841
10842.036	10847.044
10846.033	10850.350
10850.585	10853.674
10853.940	10855.447
10851.295	10856.184
10854.833	10858.605
10855.787	10861.615
10856.250	10863.568
10860.122	10864.033
10861.067	10865.156
10864.239	10865.434
10867.572	10869.243
10869.880	10871.095
10872.980	10874.603
10876.253	10877.851
10876.545	10883.209
10880.777	10887.699
10882.864	10888.376
10887.678	10889.493
10888.014	10892.848
10888.183	10893.514
10892.203	10894.634
10891.154	10895.870
10904.198	10908.943
10905.243	10911.436
10908.162	10913.207
10906.957	10914.121
10910.500	10914.241
10911.183	10916.645
10921.320	10922.841
10920.406	10923.764
10928.519	10931.783
10940.491	10940.790
10941.670	10944.375
10946.520	10950.567
10952.998	10955.148
10953.102	10956.973
10963.198	10968.240
10964.581	10971.897
10965.764	10972.234
10970.935	10975.232
10970.411	10975.452
10971.014	10976.290
10980.865	10981.640
10983.818	10985.153
10980.916	10988.888
10986.222	10989.612
10987.780	10992.536
10992.779	10993.989
10997.620	10999.414
10997.691	10999.871
11000.441	11001.353
11006.028	11008.896
11007.436	11010.503
11010.256	11014.247
11007.816	11014.265
11011.686	11017.598
11010.303	11018.518
11016.869	11019.962
11014.353	11021.609
11013.662	11022.313
11023.718	11025.878
11021.893	11026.348
11026.575	11030.025
11026.551	11030.381
11025.951	11032.804
11029.223	11033.327
11032.074	11034.569
11032.377	11034.942
11034.098	11035.901
11028.399	11036.362
11036.173	11039.074
11040.548	11043.986
11040.701	11044.741
11046.987	11048.749
11047.465	11054.495
11054.620	11055.765
11059.392	11062.259
11065.706	11069.239
11073.125	11076.076
11073.372	11080.095
11074.655	11080.314
11077.220	11081.547
11081.454	11085.472
11078.369	11087.058
11087.940	11088.752
11087.290	11090.729
11089.032	11095.261
11096.034	11098.382
11094.888	11098.903
11096.277	11101.288
11100.203	11101.932
11101.194	11103.703
11103.696	11104.840
11103.890	11106.871
11106.269	11109.854
11111.074	11113.497
11112.754	11114.223
11114.047	11115.198
11118.242	11119.516
11120.369	11122.464
11122.210	11124.357
11122.758	11129.332
11126.003	11131.732
11131.049	11132.833
11131.050	11133.249
11132.103	11135.997
11135.116	11137.503
11135.581	11138.097
11141.579	11143.344
11141.167	11144.472
11142.378	11145.493
11144.125	11147.633
11144.549	11150.455
11151.292	11152.573
11153.309	11156.981
11154.720	11158.135
11157.415	11159.367
11163.591	11164.742
11161.346	11165.194
11166.561	11168.823
11169.830	11171.376
11171.467	11173.545
11172.406	11173.633
11172.788	11176.534
11175.894	11178.555
11177.250	11179.609
11186.010	11189.771
11186.926	11192.119
11192.944	11193.748
11191.287	11194.120
11194.840	11196.471
11193.426	11198.884
11197.662	11199.540
11200.859	11202.735
11202.079	11203.455
11202.811	11206.196
11203.296	11206.658
11205.862	11210.651
11209.117	11211.756
11215.726	11216.335
11217.648	11220.121
11218.796	11222.040
11223.376	11226.058
11226.256	11229.323
11230.137	11232.630
11229.947	11233.398
11235.090	11237.835
11236.518	11238.244
11239.909	11240.694
11239.909	11242.165
11239.692	11244.799
11239.996	11245.653
11240.219	11246.215
11240.480	11247.319
11246.124	11251.121
11248.576	11251.626
11248.395	11253.040
11269.438	11275.956
11267.829	11276.605
11272.711	11277.857
11275.813	11278.567
11277.068	11283.292
11282.059	11284.977
11291.804	11298.096
11293.310	11299.365
11294.560	11299.442
11296.130	11300.689
11301.222	11301.776
11303.214	11305.247
11303.550	11306.702
11303.520	11307.400
11306.641	11309.407
11307.100	11311.759
11311.259	11313.509
11313.875	11315.573
11314.552	11319.498
11314.754	11321.087
11318.418	11322.504
11317.919	11322.873
11329.711	11332.284
11332.903	11335.547
11331.771	11338.547
11337.561	11340.948
11340.309	11345.033
11343.380	11345.205
11347.824	11348.657
11349.673	11351.958
11350.169	11353.034
11349.544	11353.474
11366.577	11372.379
11363.714	11372.933
11368.204	11373.075
11366.508	11373.288
11367.035	11373.815
11367.357	11374.102
11371.238	11374.178
11378.726	11382.895
11383.124	11384.824
11381.149	11385.647
11390.818	11391.874
11390.417	11392.423
11397.360	11403.448
11400.301	11404.884
11401.070	11405.392
11405.241	11408.273
11405.791	11410.136
11408.352	11411.563
11410.113	11415.618
11410.437	11417.336
11418.345	11421.468
11418.967	11422.354
11420.267	11424.750
11423.161	11424.914
11424.060	11425.799
11425.365	11426.650
11426.716	11427.707
11424.345	11429.379
11431.415	11434.175
11433.665	11437.546
11440.963	11443.353
11441.392	11444.903
11446.404	11453.158
11458.562	11460.363
11471.249	11477.070
11470.232	11478.050
11475.677	11479.853
11471.551	11480.011
11477.334	11481.876
11480.253	11481.916
11480.547	11482.277
11491.488	11495.624
11490.051	11496.844
11501.112	11503.471
11502.128	11504.683
11501.134	11505.423
11503.938	11506.157
11505.925	11508.752
11505.254	11512.326
11519.413	11524.254
11517.144	11525.431
11527.301	11529.306
11529.392	11531.507
11533.800	11538.776
11536.734	11540.296
11537.157	11545.630
11540.581	11548.385
11548.120	11549.786
11544.514	11551.593
11550.051	11551.677
11550.193	11557.513
11555.258	11558.000
11565.342	11568.223
11565.145	11568.401
11565.467	11570.726
11567.082	11572.119
11570.898	11573.050
11572.603	11573.699
11577.475	11578.926
11583.536	11585.061
11586.123	11588.777
11588.860	11591.942
11591.810	11596.175
11593.786	11600.653
11593.135	11602.603
11600.676	11602.621
11601.535	11605.298
11606.540	11609.650
11608.626	11610.341
11612.468	11613.780
11616.892	11623.148
11623.026	11625.451
11628.232	11635.540
11629.366	11635.916
11634.503	11640.043
11640.313	11643.067
11643.248	11645.452
11643.880	11647.928
11655.895	11658.795
11660.478	11662.182
11661.864	11667.781
11662.895	11669.077
11667.710	11671.490
11670.789	11671.684
11672.130	11673.360
11678.911	11681.132
11692.061	11699.001
11695.304	11703.678
11700.392	11705.107
11702.986	11706.496
11704.026	11706.510
11708.604	11710.630
11712.046	11715.766
11718.127	11720.295
11719.349	11724.048
11727.325	11733.557
11730.716	11735.860
11734.683	11737.461
11739.963	11741.769
11741.698	11745.711
11746.918	11751.853
11753.251	11755.763
11763.358	11764.031
11765.972	11768.552
11766.154	11771.367
11767.571	11772.213
11768.004	11775.576
11766.943	11776.170
11771.894	11777.113
11769.363	11778.848
11784.958	11787.344
11785.203	11790.763
11794.212	11795.294
11796.475	11797.402
11801.088	11805.717
11806.116	11809.322
11807.363	11811.575
11810.829	11814.488
11814.722	11817.100
11815.862	11817.589
11823.249	11824.769
11829.354	11831.757
11829.386	11836.053
11834.894	11836.289
11836.292	11839.431
11845.309	11846.036
11845.481	11848.381
11850.768	11854.111
11852.816	11855.617
11853.740	11858.061
11855.673	11862.479
11862.406	11869.837
11860.809	11870.940
11864.144	11873.166
11875.544	11876.353
11870.298	11876.807
11876.255	11878.438
11878.302	11881.322
11879.766	11883.462
11881.356	11884.139
11880.375	11884.612
11881.879	11885.637
11884.276	11886.851
11881.017	11887.237
11887.967	11889.160
11889.028	11890.134
11888.245	11890.357
11883.443	11893.735
11900.763	11902.001
11898.348	11903.756
11901.344	11905.376
11906.263	11907.390
11906.311	11909.942
11907.352	11911.123
11909.293	11911.996
11907.778	11912.640
11911.092	11913.715
11920.129	11920.640
11918.173	11921.089
11926.685	11928.590
11935.874	11942.148
11935.744	11942.328
11936.195	11942.871
11941.942	11943.643
11943.720	11944.636
11948.352	11950.338
11940.947	11951.462
11946.759	11951.638
11954.111	11955.451
11954.188	11956.419
11955.058	11957.949
11955.240	11958.130
11956.098	11959.185
11968.294	11969.498
11968.377	11972.457
11970.620	11973.000
11971.324	11975.862
11975.186	11977.868
11975.698	11981.907
11981.683	11985.934
11979.588	11991.016
11991.088	11993.525
11991.325	11993.653
11993.443	11998.936
