0.412	9.274
5.784	13.082
10.748	16.134
9.907	17.450
14.408	19.279
17.421	20.318
12.703	22.698
21.862	23.737
22.144	27.850
22.226	28.981
27.387	29.330
29.007	32.545
33.112	39.918
38.455	40.638
33.118	40.721
34.802	42.717
39.197	44.190
47.498	56.372
54.207	60.377
56.508	61.420
54.281	62.416
54.118	63.773
64.506	71.439
66.575	72.267
65.878	72.313
68.942	73.332
68.142	74.775
70.588	74.831
72.545	75.387
73.303	75.743
74.053	76.051
68.226	76.147
74.758	80.177
76.517	83.412
77.494	83.933
77.556	85.588
82.749	87.351
85.072	88.355
88.009	88.898
88.597	90.338
102.593	111.666
108.210	112.967
108.578	114.150
109.733	116.028
113.386	118.266
116.934	121.577
124.808	131.070
126.375	134.402
131.438	136.251
134.608	139.710
138.172	141.052
135.641	142.145
144.289	153.324
149.638	155.984
151.649	157.119
154.290	158.845
154.189	159.380
155.084	163.361
159.646	164.638
161.174	167.083
161.717	167.411
167.460	169.587
163.991	170.032
170.667	177.865
172.008	180.376
179.994	180.819
175.688	181.433
173.659	181.865
182.097	188.627
185.447	189.433
185.659	191.314
189.132	191.670
183.524	191.895
185.532	192.672
200.805	208.479
205.337	210.997
203.375	211.619
207.331	211.631
204.804	214.207
218.821	229.593
223.027	231.525
225.243	233.542
230.866	233.932
231.621	236.554
233.681	238.761
244.849	250.958
247.501	252.155
246.605	253.212
249.770	253.477
242.385	254.707
258.768	264.066
258.784	265.307
263.158	266.486
274.274	280.572
268.065	281.956
278.129	284.623
282.861	286.996
284.950	287.493
287.304	292.497
288.891	295.994
289.056	298.684
297.297	299.570
294.885	302.483
297.934	302.499
301.837	307.908
303.097	308.364
299.941	308.918
306.520	311.692
304.311	311.738
309.311	315.002
312.019	315.472
313.770	315.871
313.851	317.429
314.597	319.810
317.663	321.428
315.154	326.151
323.301	330.357
327.877	334.381
332.435	335.728
337.278	342.949
338.120	343.418
343.387	345.653
346.920	353.350
346.830	353.371
351.766	353.937
346.878	354.957
354.898	356.024
346.582	356.028
352.097	356.311
350.946	356.598
356.311	357.149
356.807	358.139
356.105	360.905
358.949	361.230
359.475	362.789
363.938	370.620
360.385	371.049
366.781	371.478
370.080	372.425
365.670	372.804
372.236	374.228
368.615	374.624
368.683	375.505
371.641	376.087
372.565	377.945
379.138	386.563
381.177	387.104
381.847	387.448
384.506	389.252
389.359	395.431
389.419	396.609
389.470	396.807
393.548	397.771
394.047	399.866
389.923	400.433
397.531	400.466
403.018	410.054
403.730	410.778
400.770	412.282
414.339	419.997
418.906	425.213
420.983	429.686
424.692	430.941
421.705	430.960
429.685	431.742
426.127	432.760
428.578	437.416
433.719	439.996
432.706	441.015
432.533	441.781
443.545	452.685
449.499	456.628
450.544	458.748
457.193	460.139
456.131	460.544
465.198	474.476
470.626	475.730
471.457	477.389
471.482	478.807
469.089	478.844
477.509	480.775
477.620	483.217
482.510	485.500
491.868	498.908
494.819	501.132
500.600	503.357
494.281	504.564
511.003	519.577
514.481	521.619
516.513	523.140
519.745	525.454
517.869	526.047
524.570	526.661
519.087	526.925
525.501	527.969
522.949	529.856
525.186	530.268
528.634	532.167
529.637	532.359
531.617	534.014
532.741	538.933
538.606	542.451
545.228	552.123
545.869	552.930
545.176	554.281
547.003	555.270
559.422	572.644
564.967	572.835
565.651	574.053
563.783	575.039
568.858	575.653
574.053	578.601
582.945	589.872
581.741	590.621
589.061	592.151
592.381	598.863
594.274	600.640
606.371	612.796
610.829	615.690
611.613	617.121
607.135	619.302
618.524	620.921
619.209	623.039
611.082	625.952
623.275	627.287
625.895	630.946
631.151	637.725
632.463	640.596
633.651	640.877
634.635	640.990
640.408	643.451
643.054	645.657
651.871	659.806
658.107	663.193
658.523	664.309
661.126	665.027
660.812	666.924
661.240	669.679
661.457	671.469
667.204	674.610
676.675	682.722
671.637	683.194
677.866	685.516
684.945	688.718
680.594	690.000
688.719	693.199
686.302	693.443
690.572	695.139
689.686	695.144
689.442	695.929
696.899	704.668
699.273	708.574
706.677	709.395
708.426	711.166
709.353	715.712
713.772	719.055
718.797	721.309
718.833	723.703
722.004	728.285
722.279	729.085
722.628	730.446
728.809	731.409
728.926	731.494
729.708	732.597
742.383	748.213
745.608	750.954
744.819	751.485
744.295	751.890
743.944	753.125
749.501	753.863
749.811	755.311
756.716	762.451
758.073	764.247
768.117	779.785
774.973	780.888
775.968	781.292
778.654	783.237
776.802	785.434
782.088	786.808
778.956	787.521
781.972	788.425
782.118	793.659
793.690	798.666
797.285	800.303
794.691	801.254
798.992	802.546
800.252	804.108
800.066	804.639
807.241	812.811
817.242	825.040
828.271	833.779
827.242	834.890
831.020	835.548
827.579	836.283
842.190	848.221
844.427	850.820
847.756	851.426
850.854	855.530
853.940	858.665
851.711	859.105
856.981	861.700
854.989	862.629
855.797	863.737
856.039	864.059
868.687	877.053
873.400	878.410
870.384	879.322
876.346	881.035
885.835	893.453
886.881	893.897
889.102	895.256
884.420	895.829
894.468	896.222
888.014	896.431
900.867	906.802
905.306	908.958
903.061	909.853
901.898	911.662
910.367	913.792
907.777	914.138
911.170	915.883
912.027	917.012
912.242	917.476
911.229	917.536
914.741	919.286
914.964	919.892
914.531	920.597
917.847	924.752
923.317	927.233
925.259	929.818
918.828	930.542
931.410	937.587
930.931	937.642
933.398	943.568
938.155	944.050
937.926	946.198
947.214	956.261
946.671	956.532
951.492	958.040
963.471	970.649
968.395	976.458
969.496	977.146
969.819	977.970
971.883	978.345
979.076	985.556
980.069	990.564
986.475	993.734
986.911	997.429
993.806	997.465
994.984	999.503
993.899	1001.347
1001.652	1009.843
1006.306	1012.287
1013.097	1021.685
1018.346	1023.167
1022.264	1030.052
1026.167	1031.883
1025.606	1032.011
1031.862	1033.738
1028.277	1035.522
1027.786	1036.692
1035.842	1039.772
1035.010	1039.826
1036.032	1041.391
1045.482	1051.708
1050.201	1053.376
1052.477	1057.897
1054.705	1058.527
1060.150	1066.889
1063.314	1068.059
1061.875	1069.668
1064.496	1070.095
1065.348	1072.267
1068.389	1072.984
1072.345	1073.646
1065.419	1073.915
1069.929	1073.937
1072.529	1074.999
1073.781	1076.908
1074.588	1078.868
1074.206	1079.959
1075.445	1082.571
1080.490	1087.067
1081.939	1090.333
1086.112	1091.164
1083.404	1091.194
1086.872	1093.298
1091.028	1093.376
1089.043	1093.379
1086.893	1094.178
1094.018	1096.235
1095.666	1098.874
1098.981	1104.829
1102.737	1109.433
1103.515	1110.159
1107.329	1110.749
1108.058	1112.375
1105.467	1114.082
1109.576	1114.954
1111.924	1115.420
1118.709	1126.907
1125.844	1129.874
1126.764	1132.784
1129.734	1134.973
1129.875	1135.282
1130.088	1137.448
1132.136	1138.163
1138.133	1140.659
1138.629	1146.883
1142.779	1150.850
1148.910	1156.751
1153.347	1158.466
1149.977	1159.381
1158.748	1161.355
1160.076	1164.255
1163.528	1167.640
1167.338	1171.729
1169.917	1173.209
1175.460	1185.226
1181.943	1188.504
1191.146	1199.584
1194.119	1200.180
1198.053	1201.619
1194.943	1203.311
1193.565	1205.202
1195.645	1205.677
1202.104	1206.523
1202.257	1206.814
1205.527	1208.140
1209.135	1216.730
1210.357	1216.926
1216.679	1218.378
1212.939	1219.047
1212.425	1221.165
1216.798	1224.313
1228.155	1234.527
1232.869	1236.618
1235.698	1238.364
1236.587	1239.902
1243.560	1252.306
1252.717	1258.402
1257.416	1259.418
1253.145	1260.494
1262.687	1272.946
1265.767	1273.337
1269.210	1274.861
1270.893	1275.253
1278.268	1283.975
1289.780	1296.439
1294.418	1298.292
1296.553	1300.293
1288.404	1300.411
1296.038	1301.000
1298.064	1301.896
1297.678	1306.363
1304.908	1311.839
1314.064	1320.717
1314.427	1323.211
1318.549	1324.425
1317.050	1324.968
1319.908	1326.455
1318.908	1326.963
1324.679	1327.046
1320.723	1327.483
1326.943	1328.857
1325.292	1328.877
1327.004	1330.997
1324.691	1335.586
1329.825	1336.141
1332.484	1337.640
1337.637	1343.420
1338.299	1345.112
1339.256	1345.732
1341.490	1347.508
1344.919	1349.003
1342.401	1349.472
1345.745	1349.917
1349.032	1351.287
1353.506	1361.896
1358.230	1364.406
1368.616	1374.984
1372.797	1378.536
1370.868	1381.040
1378.328	1381.652
1382.515	1389.156
1386.311	1392.186
1384.930	1392.937
1387.593	1394.326
1392.301	1396.312
1392.660	1397.763
1387.266	1398.336
1396.590	1399.080
1398.842	1399.282
1408.415	1414.715
1412.506	1416.737
1422.881	1429.576
1427.712	1431.052
1425.283	1433.463
1423.301	1434.481
1430.775	1434.830
1434.183	1435.327
1428.777	1435.376
1434.186	1436.321
1432.036	1436.493
1435.854	1439.362
1437.560	1441.372
1440.055	1443.806
1438.599	1444.831
1444.422	1445.542
1449.645	1455.746
1447.708	1455.853
1452.625	1458.349
1453.980	1458.490
1454.631	1459.442
1454.642	1460.781
1458.176	1461.649
1455.571	1462.478
1464.274	1470.733
1469.327	1473.425
1471.371	1477.525
1483.783	1491.079
1485.552	1491.533
1490.693	1495.341
1492.195	1498.234
1496.095	1500.178
1508.637	1517.108
1509.678	1517.704
1510.211	1518.473
1516.421	1519.029
1516.411	1519.558
1512.976	1519.766
1515.139	1520.817
1517.830	1521.579
1519.415	1523.461
1520.900	1524.088
1526.543	1535.916
1529.052	1537.636
1532.833	1540.021
1539.353	1541.774
1543.300	1551.100
1545.239	1551.592
1549.152	1552.808
1552.074	1556.736
1555.063	1558.940
1557.901	1563.122
1562.229	1566.102
1559.394	1566.460
1565.099	1569.819
1573.003	1580.197
1577.362	1586.404
1582.712	1589.377
1586.880	1589.889
1591.706	1599.303
1594.363	1600.730
1596.470	1602.786
1595.592	1603.191
1599.987	1606.272
1605.904	1609.700
1608.149	1611.032
1608.621	1614.749
1613.734	1616.423
1615.627	1619.631
1617.426	1620.907
1617.558	1621.719
1619.598	1626.756
1623.500	1630.144
1625.069	1631.256
1629.378	1633.472
1626.322	1634.088
1629.435	1634.715
1631.457	1635.830
1639.803	1649.053
1644.622	1652.302
1643.153	1652.500
1651.282	1653.092
1650.612	1654.691
1647.958	1655.549
1651.947	1655.843
1658.152	1666.037
1659.270	1666.310
1659.048	1667.951
1664.344	1669.992
1666.460	1670.893
1667.772	1671.641
1669.819	1674.365
1673.632	1676.472
1674.160	1678.147
1677.184	1679.187
1680.755	1688.670
1685.576	1689.619
1686.475	1691.356
1689.917	1692.449
1689.162	1693.672
1692.269	1696.406
1692.810	1698.130
1697.266	1699.145
1703.024	1709.543
1704.885	1711.842
1704.166	1719.128
1714.366	1720.354
1717.870	1722.810
1723.175	1731.264
1729.825	1732.735
1723.263	1733.648
1732.608	1735.425
1733.695	1737.285
1735.310	1740.903
1739.407	1746.217
1743.804	1746.521
1744.406	1750.028
1747.215	1752.452
1747.732	1754.910
1758.057	1764.564
1759.732	1768.268
1766.714	1769.622
1770.436	1778.893
1773.099	1779.833
1776.955	1781.706
1776.530	1782.228
1773.967	1782.435
1780.549	1782.898
1776.104	1784.426
1781.829	1785.706
1785.805	1787.981
1786.591	1790.001
1790.209	1796.181
1793.831	1798.125
1794.873	1802.106
1796.639	1802.520
1798.877	1803.115
1798.576	1803.551
1795.194	1804.416
1802.231	1806.116
1799.468	1806.813
1799.631	1808.135
1809.307	1815.691
1812.784	1816.558
1808.508	1817.556
1817.604	1818.890
1809.206	1819.150
1827.111	1833.728
1829.825	1838.592
1836.221	1840.616
1831.023	1840.681
1840.237	1842.493
1839.951	1842.581
1836.580	1843.541
1841.695	1843.723
1843.647	1848.540
1845.530	1853.611
1851.185	1855.609
1845.003	1855.653
1846.284	1855.918
1852.960	1857.379
1855.438	1857.888
1859.704	1867.920
1856.118	1868.533
1860.849	1868.802
1863.421	1872.404
1870.285	1877.637
1885.096	1891.885
1885.231	1892.825
1889.793	1895.200
1896.462	1903.019
1897.842	1903.999
1900.323	1904.086
1895.362	1906.821
1907.498	1915.305
1908.957	1917.305
1915.016	1918.549
1919.548	1925.954
1919.076	1928.201
1926.547	1930.138
1927.039	1932.825
1930.162	1934.175
1926.591	1934.941
1930.330	1935.335
1931.694	1938.601
1933.867	1938.622
1932.091	1939.188
1939.103	1942.862
1945.964	1951.991
1945.861	1952.940
1951.391	1956.053
1946.144	1956.076
1952.429	1956.669
1951.516	1957.616
1953.059	1957.844
1952.786	1958.021
1953.139	1961.444
1956.038	1961.898
1959.938	1964.038
1963.255	1966.268
1968.593	1976.624
1973.111	1978.558
1971.701	1980.317
1975.960	1981.225
1985.941	1993.179
1988.872	1994.664
1989.668	1995.061
1989.846	1997.646
1997.663	2000.843
2000.213	2003.800
2001.443	2005.053
2004.099	2008.188
2006.446	2012.060
2008.556	2014.761
2008.736	2018.000
2009.981	2018.081
2012.136	2018.515
2018.197	2021.186
2011.501	2022.189
2019.773	2022.772
2022.876	2030.841
2030.333	2033.319
2026.448	2033.930
2033.981	2041.384
2038.795	2044.509
2037.968	2047.885
2049.968	2058.247
2049.500	2060.109
2057.136	2061.460
2062.645	2070.009
2068.107	2074.034
2073.327	2075.231
2068.262	2077.261
2075.136	2077.576
2076.457	2079.458
2068.535	2080.340
2088.398	2094.768
2090.681	2095.104
2092.746	2096.187
2092.354	2098.041
2088.515	2098.850
2094.183	2100.380
2097.697	2100.752
2103.810	2109.590
2106.006	2112.883
2103.882	2114.189
2106.276	2114.237
2110.880	2115.761
2112.621	2116.292
2111.137	2116.946
2111.236	2117.516
2117.463	2118.553
2117.861	2120.343
2116.390	2121.452
2122.383	2131.402
2127.082	2133.714
2133.651	2139.267
2132.616	2140.672
2135.231	2141.659
2138.363	2141.871
2136.036	2143.335
2139.508	2144.333
2140.689	2147.852
2145.063	2148.950
2154.006	2162.548
2156.513	2162.726
2156.829	2163.345
2161.551	2165.492
2159.850	2166.035
2174.195	2181.998
2177.825	2184.095
2182.970	2188.299
2186.422	2189.934
2188.613	2192.157
2195.103	2202.416
2200.193	2204.351
2201.665	2206.996
2202.987	2207.552
2205.090	2208.245
2206.593	2209.205
2201.177	2211.109
2209.037	2211.761
2205.383	2212.660
2209.165	2213.902
2213.985	2218.448
2216.994	2223.249
2219.081	2224.137
2218.069	2225.279
2220.324	2226.519
2221.448	2227.593
2225.392	2231.781
2227.378	2232.783
2229.512	2234.034
2229.972	2234.266
2236.996	2245.564
2239.255	2245.967
2238.121	2246.388
2239.459	2247.358
2250.553	2258.058
2252.420	2263.560
2259.393	2266.686
2266.895	2273.820
2276.890	2285.473
2281.721	2286.094
2289.139	2297.184
2296.438	2300.374
2301.056	2307.535
2301.469	2307.572
2303.588	2308.566
2306.037	2314.242
2320.016	2327.084
2324.394	2329.341
2327.861	2333.368
2331.784	2336.154
2333.066	2339.465
2341.217	2347.983
2344.164	2349.117
2347.421	2351.515
2345.636	2355.935
2361.717	2368.610
2361.258	2369.267
2365.038	2370.190
2367.402	2372.557
2358.563	2373.892
2360.733	2376.824
2374.182	2381.409
2374.765	2383.127
2376.278	2383.294
2380.144	2383.722
2379.997	2384.894
2382.697	2385.654
2380.443	2386.891
2383.903	2389.074
2384.769	2389.754
2383.579	2390.668
2389.762	2392.922
2389.996	2393.613
2390.212	2393.923
2387.627	2394.431
2395.644	2403.038
2399.133	2405.254
2398.589	2407.195
2404.851	2410.253
2404.788	2411.675
2411.538	2412.428
2406.162	2412.608
2415.078	2423.751
2422.371	2424.457
2416.031	2429.677
2424.975	2435.156
2430.707	2438.656
2437.087	2442.274
2441.887	2445.231
2438.670	2445.352
2444.134	2447.193
2452.407	2459.960
2456.979	2464.036
2460.676	2465.322
2465.482	2473.381
2484.966	2490.653
2483.476	2491.618
2488.890	2493.816
2484.323	2493.949
2493.093	2498.131
2495.157	2503.653
2498.542	2503.818
2497.064	2509.047
2504.664	2511.157
2509.209	2513.230
2511.719	2514.101
2511.836	2515.046
2519.632	2525.418
2519.031	2526.015
2517.279	2526.271
2524.388	2527.158
2524.007	2529.530
2524.023	2530.170
2520.649	2530.806
2525.418	2530.824
2531.653	2541.832
2535.578	2545.081
2545.673	2552.328
2547.911	2553.225
2552.625	2554.534
2550.335	2560.809
2556.987	2563.308
2554.756	2563.738
2561.864	2564.965
2570.623	2577.723
2574.962	2580.207
2572.122	2580.244
2577.040	2581.642
2576.013	2581.733
2579.057	2582.079
2581.579	2582.627
2583.860	2590.043
2594.586	2602.673
2595.094	2603.479
2597.987	2609.837
2612.869	2621.372
2616.676	2623.980
2619.060	2625.474
2620.373	2625.776
2621.842	2626.387
2629.720	2637.135
2636.168	2639.544
2639.333	2643.878
2645.876	2653.614
2653.283	2655.669
2660.016	2666.879
2658.635	2667.102
2666.340	2668.369
2661.800	2669.379
2667.673	2670.362
2671.626	2677.040
2673.502	2678.984
2676.769	2681.945
2674.675	2682.123
2678.019	2683.057
2679.552	2683.440
2676.415	2684.098
2680.144	2685.648
2679.604	2687.099
2681.005	2688.778
2686.580	2693.582
2689.124	2696.411
2690.091	2696.645
2707.481	2714.528
2708.334	2716.273
2710.394	2718.636
2714.238	2719.891
2719.220	2721.368
2717.596	2723.100
2723.507	2731.768
2725.407	2731.778
2728.998	2732.804
2730.930	2735.586
2741.095	2749.381
2745.363	2752.000
2744.967	2754.457
2744.693	2757.556
2755.068	2759.592
2756.722	2762.127
2758.589	2763.854
2755.812	2764.841
2755.887	2766.324
2767.275	2774.899
2772.403	2776.832
2768.730	2776.922
2777.540	2783.412
2777.807	2786.262
2780.511	2789.937
2798.416	2806.915
2801.817	2809.974
2800.600	2810.303
2796.137	2811.511
2810.162	2812.732
2820.453	2827.385
2820.142	2827.507
2822.753	2828.507
2827.850	2831.779
2824.308	2833.078
2827.489	2833.190
2829.665	2834.972
2828.731	2835.217
2831.532	2836.512
2836.036	2839.983
2841.610	2847.646
2846.020	2851.607
2849.247	2853.981
2849.508	2855.178
2850.919	2857.932
2854.075	2859.192
2857.097	2860.851
2855.071	2862.568
2863.824	2870.544
2869.672	2872.994
2864.177	2873.746
2871.387	2874.392
2869.992	2875.333
2878.124	2883.913
2878.766	2885.463
2880.868	2885.954
2882.407	2890.133
2888.661	2894.337
2902.479	2909.067
2905.390	2909.600
2903.452	2911.162
2911.829	2918.214
2914.078	2922.580
2914.768	2923.378
2918.842	2924.631
2921.918	2928.059
2921.942	2928.250
2920.016	2928.543
2934.819	2940.976
2937.879	2944.130
2945.311	2952.776
2956.096	2962.517
2959.976	2965.055
2955.207	2965.213
2964.052	2966.698
2958.318	2968.013
2969.331	2975.250
2970.072	2976.154
2974.490	2977.862
2976.005	2978.590
2970.989	2979.003
2976.404	2979.210
2977.024	2979.779
2979.376	2980.410
2981.983	2988.838
2991.185	2999.590
2993.359	3000.935
2996.042	3001.195
2996.502	3001.223
2998.966	3002.992
2998.028	3004.896
3002.363	3006.366
3003.940	3008.298
3003.250	3008.970
3005.249	3010.595
3007.066	3012.165
3008.247	3013.048
3010.906	3016.347
3011.477	3016.599
3017.533	3025.463
3023.104	3027.557
3020.918	3029.203
3024.402	3029.318
3027.750	3031.321
3023.275	3031.839
3030.709	3032.453
3035.484	3041.204
3041.830	3048.212
3044.857	3049.845
3042.912	3051.660
3046.001	3052.134
3047.934	3052.306
3046.392	3052.473
3047.670	3053.294
3050.145	3053.765
3046.824	3056.774
3053.613	3058.181
3055.979	3058.482
3060.010	3065.839
3063.041	3067.592
3060.645	3068.433
3059.277	3068.897
3070.782	3076.205
3070.840	3077.849
3069.202	3077.980
3074.611	3079.146
3070.770	3079.176
3071.881	3080.309
3075.590	3080.314
3074.863	3081.095
3078.851	3083.850
3092.041	3098.200
3090.849	3099.247
3094.667	3099.646
3096.755	3101.324
3097.965	3102.802
3099.219	3102.884
3096.821	3103.805
3103.418	3108.751
3106.684	3110.059
3098.394	3110.347
3106.804	3111.514
3110.722	3112.409
3107.034	3113.350
3112.122	3114.916
3113.019	3117.903
3111.033	3118.115
3113.255	3119.803
3113.683	3120.190
3113.165	3120.666
3115.139	3122.805
3122.893	3124.670
3125.799	3132.510
3126.591	3134.486
3130.756	3138.899
3129.843	3139.212
3133.935	3142.678
3142.419	3145.290
3132.825	3146.312
3143.660	3149.001
3148.310	3149.285
3151.239	3157.430
3156.535	3161.902
3159.197	3164.980
3165.035	3167.556
3166.519	3169.383
3169.765	3176.233
3172.535	3176.986
3174.678	3183.418
3177.053	3185.845
3180.675	3187.694
3179.245	3188.363
3187.206	3190.164
3190.068	3193.235
3192.344	3193.916
3192.503	3197.013
3194.532	3201.238
3195.774	3202.886
3199.659	3203.538
3197.403	3204.167
3195.082	3204.542
3203.544	3207.077
3201.386	3207.089
3200.483	3207.983
3205.375	3209.138
3208.499	3210.409
3207.163	3211.617
3206.850	3211.765
3211.535	3219.862
3216.028	3221.552
3221.333	3225.207
3213.780	3228.525
3225.003	3228.540
3228.388	3230.356
3228.299	3232.483
3229.440	3235.288
3233.201	3239.386
3232.717	3240.831
3240.193	3242.022
3240.631	3244.855
3246.668	3252.686
3252.628	3254.248
3247.364	3255.636
3258.015	3264.999
3259.183	3266.880
3265.453	3269.871
3265.950	3275.213
3271.354	3277.442
3274.383	3279.995
3272.728	3280.283
3274.741	3280.546
3277.366	3280.812
3278.265	3281.757
3281.405	3284.032
3285.995	3293.532
3288.663	3295.841
3288.639	3297.643
3297.359	3301.305
3304.564	3314.119
3307.506	3316.301
3308.870	3317.376
3311.228	3317.827
3317.353	3320.400
3319.111	3325.497
3323.427	3328.973
3326.035	3333.130
3327.603	3333.780
3335.348	3341.451
3339.508	3344.098
3336.848	3344.805
3341.591	3347.284
3341.482	3347.808
3339.664	3348.151
3345.071	3349.681
3345.195	3350.266
3345.072	3352.195
3349.247	3352.670
3347.988	3352.696
3345.961	3354.464
3350.150	3354.948
3345.532	3356.382
3361.898	3369.757
3368.746	3375.429
3371.786	3377.023
3376.414	3378.464
3381.309	3388.591
3382.112	3390.609
3389.976	3392.951
3387.615	3394.837
3391.241	3395.552
3386.832	3395.606
3391.735	3397.528
3396.020	3400.726
3404.184	3410.643
3403.109	3411.084
3410.237	3411.712
3411.451	3412.289
3414.513	3420.909
3430.142	3438.201
3434.367	3441.416
3434.530	3441.753
3438.504	3442.657
3436.161	3443.552
3437.510	3444.690
3443.343	3445.436
3445.005	3447.722
3448.438	3456.358
3451.317	3456.983
3453.408	3458.251
3453.572	3458.767
3456.766	3459.815
3463.649	3470.561
3466.590	3472.876
3463.109	3473.046
3469.691	3477.261
3468.499	3479.259
3473.232	3480.623
3483.857	3490.232
3483.794	3492.890
3490.360	3495.520
3491.741	3495.736
3497.417	3503.297
3496.869	3504.157
3501.020	3505.639
3501.320	3505.939
3502.488	3508.157
3512.498	3521.338
3515.552	3522.960
3519.938	3525.046
3521.705	3527.800
3523.525	3530.285
3529.703	3531.414
3525.464	3533.767
3533.373	3538.820
3535.648	3540.933
3533.988	3542.511
3537.879	3543.474
3540.300	3543.545
3547.769	3554.291
3553.001	3555.156
3553.465	3555.580
3554.813	3559.861
3555.142	3560.976
3560.168	3562.103
3555.440	3562.425
3555.218	3563.396
3563.311	3564.313
3556.017	3565.717
3568.852	3575.478
3567.879	3577.086
3569.335	3581.584
3579.561	3583.363
3584.558	3591.707
3592.993	3599.486
3592.939	3599.800
3597.306	3601.560
3594.436	3601.985
3601.112	3602.863
3610.282	3618.002
3611.698	3619.246
3608.077	3620.132
3616.367	3620.825
3611.713	3622.707
3627.871	3638.029
3634.665	3639.962
3638.964	3642.507
3637.766	3643.098
3639.745	3643.758
3644.007	3651.871
3651.836	3652.711
3661.607	3667.632
3661.056	3667.977
3666.179	3668.665
3667.772	3671.092
3664.123	3671.151
3672.292	3681.160
3680.136	3683.135
3683.821	3690.777
3687.263	3692.952
3690.615	3693.326
3693.644	3699.864
3695.843	3702.999
3700.976	3704.683
3696.657	3705.186
3701.338	3706.211
3704.288	3706.853
3705.686	3707.574
3708.032	3714.287
3712.825	3717.739
3710.962	3718.132
3723.742	3729.084
3724.558	3732.131
3724.523	3732.706
3733.435	3740.210
3735.434	3740.908
3736.969	3742.997
3734.503	3744.840
3739.551	3746.567
3751.771	3758.580
3755.283	3760.253
3756.378	3761.683
3758.564	3763.714
3760.265	3765.479
3762.255	3767.064
3763.799	3767.872
3764.323	3770.974
3765.761	3771.031
3767.170	3772.595
3767.810	3774.215
3772.661	3775.479
3774.405	3775.992
3773.936	3776.837
3776.796	3777.423
3782.119	3790.671
3786.453	3794.371
3792.985	3795.732
3794.155	3796.911
3789.233	3798.783
3796.664	3801.132
3797.599	3801.359
3794.595	3801.822
3799.401	3802.255
3795.436	3802.395
3801.718	3802.741
3799.862	3803.531
3801.093	3803.683
3800.261	3808.560
3806.341	3810.813
3808.545	3811.959
3809.177	3812.887
3810.779	3813.911
3816.650	3826.388
3819.113	3829.961
3822.838	3830.269
3826.266	3831.377
3821.419	3831.621
3826.495	3831.699
3831.072	3832.432
3823.460	3833.092
3830.903	3833.929
3834.991	3843.818
3839.647	3844.407
3842.201	3846.795
3836.369	3847.203
3844.806	3847.237
3842.596	3848.018
3845.026	3848.471
3847.188	3848.680
3848.149	3852.128
3845.814	3852.403
3851.246	3854.790
3863.618	3873.422
3864.879	3873.464
3870.090	3874.029
3870.819	3874.902
3874.349	3876.715
3875.570	3882.127
3877.760	3883.440
3878.025	3883.999
3883.713	3884.569
3883.043	3885.895
3885.492	3886.908
3886.471	3889.922
3891.219	3898.689
3896.513	3902.225
3893.785	3903.822
3900.529	3904.648
3901.370	3906.052
3901.541	3907.722
3906.580	3912.576
3907.663	3913.472
3912.443	3916.325
3921.409	3931.758
3924.555	3932.350
3930.052	3935.147
3924.243	3936.494
3936.417	3938.932
3932.920	3939.684
3934.392	3941.403
3936.787	3942.748
3933.726	3944.335
3943.543	3944.586
3947.059	3955.745
3951.947	3957.317
3953.330	3962.695
3960.663	3964.722
3961.074	3966.721
3965.513	3968.667
3964.673	3968.991
3965.523	3969.438
3965.891	3970.525
3966.534	3973.277
3970.652	3977.268
3972.009	3978.320
3976.605	3979.613
3973.888	3980.924
3977.495	3981.010
3980.401	3987.986
3983.583	3989.940
3990.848	3997.211
3992.845	3998.458
3998.368	3999.970
4008.180	4016.502
4013.928	4017.842
4012.366	4018.173
4014.835	4024.264
4020.605	4026.245
4022.948	4026.361
4015.129	4026.873
4024.808	4028.267
4024.676	4029.113
4020.209	4032.017
4025.497	4032.843
4032.653	4035.710
4030.443	4036.593
4040.031	4048.213
4046.847	4049.041
4047.129	4052.740
4050.368	4055.299
4052.062	4056.875
4050.492	4057.652
4053.728	4059.015
4062.709	4068.763
4065.896	4071.007
4065.294	4072.686
4067.933	4073.992
4070.668	4074.429
4070.041	4077.311
4071.942	4078.852
4077.941	4082.104
4089.336	4097.776
4093.812	4101.076
4093.622	4102.198
4100.564	4106.689
4102.317	4112.995
4107.448	4113.271
4108.004	4115.125
4108.461	4117.651
4115.236	4120.512
4116.323	4122.648
4118.309	4122.797
4116.197	4125.003
4131.634	4137.965
4136.791	4139.499
4138.233	4142.038
4152.439	4161.119
4156.991	4164.751
4162.264	4168.504
4166.665	4171.675
4165.232	4174.687
4173.411	4175.507
4175.229	4182.444
4183.023	4191.890
4185.318	4194.177
4192.193	4194.922
4194.046	4196.218
4195.636	4197.714
4198.174	4205.236
4199.727	4206.698
4202.270	4206.723
4199.265	4210.589
4207.709	4212.719
4208.639	4214.692
4214.361	4216.609
4218.781	4226.099
4223.051	4226.853
4224.584	4228.327
4243.697	4250.609
4248.168	4252.907
4250.618	4255.687
4253.399	4258.002
4250.962	4258.750
4253.440	4259.426
4260.083	4266.867
4261.256	4268.316
4262.568	4270.892
4267.754	4271.097
4270.251	4272.326
4264.855	4273.367
4272.147	4279.618
4275.021	4281.479
4280.388	4285.155
4282.076	4287.314
4284.057	4293.975
4290.441	4294.921
4288.807	4297.563
4288.817	4297.945
4291.129	4298.898
4289.318	4299.813
4297.596	4301.326
4298.054	4301.678
4298.380	4302.738
4299.470	4303.767
4301.501	4304.261
4306.424	4312.492
4321.960	4328.556
4327.416	4332.575
4330.098	4334.819
4333.241	4336.602
4330.395	4338.657
4338.139	4340.286
4330.208	4340.389
4339.021	4341.009
4348.966	4355.390
4353.686	4358.382
4351.250	4359.632
4356.663	4361.985
4357.197	4362.921
4356.441	4363.019
4365.948	4372.739
4365.059	4373.876
4370.845	4374.031
4366.196	4374.560
4367.145	4375.783
4372.392	4377.052
4373.319	4377.942
4375.190	4378.358
4371.716	4380.030
4379.012	4386.455
4380.036	4387.569
4385.944	4391.537
4396.586	4402.325
4401.518	4404.011
4401.741	4405.478
4402.824	4408.822
4410.254	4417.930
4415.859	4421.734
4417.936	4423.771
4419.229	4426.083
4423.161	4426.857
4416.268	4427.890
4424.327	4428.851
4428.285	4429.458
4423.244	4431.315
4434.512	4442.908
4434.630	4443.706
4437.166	4443.943
4440.279	4445.483
4446.173	4455.001
4447.752	4455.940
4459.054	4465.377
4459.452	4466.202
4458.077	4466.202
4461.976	4466.716
4458.705	4466.974
4463.235	4468.509
4464.022	4469.235
4462.350	4469.392
4463.860	4472.458
4474.560	4480.325
4473.395	4482.005
4484.059	4493.053
4487.729	4494.855
4488.438	4496.582
4496.142	4502.042
4496.169	4506.353
4507.593	4513.598
4507.687	4515.207
4508.521	4516.482
4510.815	4517.419
4515.228	4519.058
4514.975	4519.926
4510.841	4521.870
4520.082	4524.416
4520.184	4527.701
4522.330	4528.440
4523.975	4529.546
4523.001	4529.709
4527.228	4529.935
4528.649	4533.012
4525.901	4533.290
4531.677	4535.831
4532.298	4537.261
4532.870	4538.114
4536.165	4540.677
4537.172	4542.862
4544.893	4554.118
4548.316	4555.167
4546.480	4555.480
4548.442	4555.886
4548.383	4556.167
4551.566	4556.788
4548.759	4557.001
4554.686	4557.069
4563.374	4572.130
4564.993	4572.678
4568.506	4575.617
4569.709	4576.027
4569.929	4576.998
4574.942	4577.191
4571.486	4578.512
4579.601	4587.184
4588.276	4598.105
4593.376	4600.756
4595.745	4601.979
4600.015	4603.834
4601.871	4604.254
4598.029	4604.297
4605.130	4611.591
4607.580	4617.368
4613.140	4621.161
4614.849	4621.791
4621.767	4623.303
4616.669	4624.028
4624.984	4631.774
4627.107	4633.837
4629.475	4638.040
4634.156	4640.895
4636.828	4641.435
4637.685	4642.955
4641.397	4644.442
4641.531	4644.611
4638.746	4644.803
4643.279	4645.221
4649.635	4655.595
4650.390	4657.655
4652.068	4657.671
4655.503	4659.909
4662.923	4672.056
4666.328	4672.442
4669.136	4673.312
4670.520	4673.943
4672.163	4675.788
4675.098	4681.670
4676.357	4684.211
4680.770	4688.240
4680.747	4689.689
4688.619	4690.368
4689.664	4692.691
4684.747	4694.886
4689.707	4695.603
4693.428	4696.143
4690.886	4697.737
4697.846	4707.470
4703.683	4709.534
4704.960	4712.057
4704.595	4712.328
4704.352	4712.857
4717.858	4726.544
4720.820	4727.232
4721.213	4728.942
4724.566	4729.198
4733.726	4739.314
4737.154	4742.695
4736.398	4744.087
4746.527	4752.374
4749.972	4754.165
4750.549	4758.338
4756.706	4762.251
4754.702	4763.299
4760.445	4764.402
4762.998	4765.240
4759.144	4765.265
4761.439	4766.247
4765.133	4766.713
4766.901	4774.711
4772.870	4780.239
4772.650	4781.765
4773.504	4783.703
4781.426	4785.679
4784.100	4788.511
4786.846	4790.076
4789.685	4795.439
4790.482	4797.396
4791.917	4797.412
4792.591	4798.913
4793.062	4800.967
4806.083	4815.002
4809.974	4819.109
4816.012	4821.005
4816.016	4823.201
4819.499	4824.647
4820.548	4824.937
4822.516	4828.403
4825.730	4830.918
4829.450	4833.005
4827.144	4835.212
4825.820	4835.435
4835.377	4838.478
4837.434	4839.206
4838.526	4841.706
4841.171	4843.818
4843.674	4845.165
4844.662	4847.371
4846.931	4849.421
4847.854	4850.045
4848.950	4853.665
4847.886	4854.202
4851.142	4855.999
4849.208	4856.206
4853.129	4856.682
4858.963	4864.517
4862.901	4873.020
4866.854	4875.290
4879.912	4886.067
4882.123	4887.723
4882.872	4889.700
4887.295	4890.107
4883.181	4890.409
4880.790	4890.900
4885.250	4891.633
4887.692	4892.090
4895.001	4901.240
4906.174	4911.996
4910.125	4914.198
4906.183	4914.503
4906.366	4915.291
4905.972	4917.576
4915.594	4918.988
4915.789	4921.795
4918.021	4922.669
4919.177	4924.959
4915.815	4925.180
4919.256	4925.310
4921.573	4926.434
4919.934	4927.566
4920.572	4927.698
4919.231	4927.715
4925.445	4929.030
4924.685	4929.974
4926.121	4931.109
4923.858	4931.507
4932.351	4938.309
4933.130	4940.350
4935.445	4941.597
4938.317	4942.085
4937.167	4942.751
4939.855	4943.568
4939.809	4944.020
4940.440	4944.878
4943.360	4945.874
4948.159	4954.593
4947.455	4954.667
4948.714	4956.951
4955.461	4957.984
4955.755	4961.046
4960.280	4962.238
4966.292	4974.027
4966.744	4974.216
4972.322	4975.839
4971.857	4977.894
4977.161	4978.593
4973.411	4981.561
4972.448	4981.915
4974.617	4983.734
4978.831	4986.127
4983.337	4987.435
4986.460	4989.517
4987.469	4993.278
4986.823	4994.135
4991.386	4995.107
4991.738	4997.691
5000.452	5006.874
5005.221	5012.157
5007.723	5013.713
5005.930	5014.012
5009.293	5014.550
5010.110	5015.461
5011.032	5015.907
5006.893	5017.357
5012.882	5017.395
5011.651	5017.507
5010.204	5018.905
5014.612	5022.559
5020.538	5026.434
5023.616	5029.379
5026.347	5029.716
5033.455	5038.921
5032.059	5041.036
5040.908	5043.323
5035.842	5043.382
5035.041	5043.484
5046.904	5053.452
5053.810	5061.743
5056.464	5064.338
5061.587	5064.521
5057.023	5065.739
5056.809	5066.988
5067.778	5075.057
5069.949	5078.324
5077.193	5082.343
5084.822	5091.640
5088.838	5092.455
5090.161	5094.515
5091.902	5096.115
5094.582	5097.459
5093.141	5097.601
5096.452	5098.740
5096.403	5100.362
5096.841	5101.019
5097.367	5105.148
5099.757	5106.449
5105.622	5107.866
5109.172	5114.607
5111.383	5116.982
5109.635	5120.165
5114.203	5121.177
5114.618	5121.455
5114.856	5122.025
5118.328	5124.815
5121.825	5126.020
5121.287	5126.582
5117.561	5127.047
5127.360	5134.334
5128.419	5137.323
5132.298	5139.284
5130.017	5139.608
5138.511	5140.608
5145.601	5157.885
5150.924	5159.448
5154.220	5160.193
5154.425	5161.090
5157.201	5161.781
5155.016	5165.233
5169.225	5174.668
5172.925	5176.490
5174.790	5181.410
5173.533	5184.519
5184.169	5189.665
5186.194	5191.236
5192.030	5199.373
5197.607	5202.704
5201.956	5203.790
5204.774	5212.809
5209.102	5215.054
5209.469	5216.444
5207.906	5222.392
5218.944	5224.312
5217.947	5224.396
5218.042	5225.772
5221.663	5225.847
5231.910	5237.272
5231.236	5238.498
5238.101	5238.798
5232.721	5241.115
5239.233	5245.942
5240.707	5246.128
5241.981	5249.096
5242.126	5251.825
5250.252	5254.227
5253.670	5256.383
5253.690	5258.080
5254.398	5259.241
5255.713	5261.075
5253.982	5264.418
5262.028	5266.687
5262.462	5267.400
5263.201	5268.286
5264.267	5270.284
5266.310	5274.829
5272.920	5277.935
5275.135	5284.214
5281.817	5284.901
5284.048	5285.676
5285.664	5288.873
5291.526	5301.084
5295.851	5301.882
5294.010	5302.192
5297.904	5302.805
5299.159	5303.212
5300.781	5304.218
5301.657	5304.281
5301.001	5306.473
5305.771	5307.864
5306.180	5310.605
5306.848	5312.228
5307.358	5313.857
5308.646	5314.973
5308.790	5315.594
5312.755	5317.792
5315.993	5319.530
5310.067	5320.975
5322.024	5330.171
5321.764	5330.394
5325.598	5331.209
5324.974	5334.430
5329.242	5335.573
5334.441	5336.259
5326.796	5337.221
5337.614	5346.387
5349.723	5356.700
5352.678	5357.392
5349.671	5357.727
5354.243	5359.611
5352.937	5359.794
5352.784	5360.645
5350.808	5360.690
5356.583	5361.077
5356.999	5361.226
5357.201	5363.896
5358.298	5365.159
5362.164	5366.695
5364.557	5370.815
5380.974	5387.459
5383.628	5392.335
5389.945	5396.540
5392.376	5399.096
5394.249	5402.409
5395.784	5402.596
5396.181	5403.986
5399.250	5406.096
5395.995	5406.230
5404.906	5407.114
5404.851	5408.497
5405.474	5409.109
5407.680	5410.401
5406.607	5411.070
5412.814	5421.650
5416.600	5423.512
5413.645	5425.463
5414.690	5428.056
5425.206	5428.579
5426.203	5428.864
5429.072	5435.791
5429.214	5436.767
5430.828	5441.554
5439.014	5444.157
5443.307	5445.603
5438.314	5445.937
5440.274	5446.034
5445.689	5446.440
5448.141	5454.452
5450.821	5456.788
5454.035	5459.919
5456.387	5460.629
5459.943	5462.561
5455.148	5463.778
5457.832	5464.738
5462.334	5468.960
5468.252	5470.743
5469.692	5474.545
5471.396	5475.664
5476.504	5485.582
5486.627	5494.085
5491.980	5496.429
5491.167	5496.761
5495.954	5497.160
5487.422	5499.375
5495.841	5499.924
5497.975	5500.340
5500.386	5505.148
5503.822	5508.330
5510.934	5519.772
5517.829	5522.876
5515.464	5523.238
5519.832	5524.313
5522.130	5525.083
5524.490	5526.407
5519.794	5529.051
5528.362	5532.302
5531.417	5533.676
5531.568	5534.249
5528.879	5535.361
5535.266	5536.348
5540.191	5546.258
5545.161	5547.045
5541.837	5549.305
5548.263	5551.132
5549.297	5552.790
5549.561	5555.576
5553.615	5558.003
5555.380	5561.576
5554.877	5561.904
5557.048	5562.837
5562.160	5565.731
5570.969	5576.322
5573.363	5577.532
5583.368	5590.272
5585.862	5591.469
5583.912	5591.520
5586.624	5594.552
5592.601	5594.991
5585.838	5595.601
5592.776	5599.059
5595.812	5601.572
5597.847	5604.172
5610.385	5618.061
5625.192	5631.529
5624.816	5631.803
5626.061	5638.653
5639.655	5647.130
5641.368	5651.072
5640.799	5651.102
5648.305	5652.347
5651.049	5652.728
5652.101	5655.240
5654.411	5656.157
5656.004	5658.410
5657.753	5660.224
5660.048	5663.365
5660.580	5665.625
5663.312	5671.068
5672.183	5678.701
5674.744	5683.244
5679.170	5684.174
5680.118	5687.204
5680.617	5687.271
5680.598	5687.328
5691.989	5698.165
5692.351	5698.807
5696.755	5700.487
5693.717	5701.945
5700.545	5702.603
5703.296	5709.881
5709.770	5714.118
5711.439	5715.152
5704.950	5716.506
5716.592	5720.566
5716.751	5720.827
5720.701	5724.088
5720.408	5725.158
5722.102	5725.906
5723.776	5728.149
5724.350	5729.407
5726.052	5730.510
5731.528	5736.989
5732.250	5738.719
5731.634	5741.354
5745.980	5751.858
5744.569	5752.846
5742.861	5754.714
5752.945	5755.858
5757.218	5767.098
5757.763	5767.378
5760.934	5769.442
5760.366	5770.633
5765.205	5771.756
5767.528	5772.950
5772.106	5774.702
5772.298	5780.761
5779.815	5782.958
5780.561	5792.258
5785.978	5793.393
5787.642	5794.958
5793.919	5799.553
5796.188	5801.017
5794.383	5806.336
5794.225	5809.579
5805.594	5810.896
5807.617	5811.387
5808.130	5812.871
5810.355	5812.970
5803.805	5813.787
5811.947	5816.127
5818.200	5826.317
5822.059	5829.606
5823.915	5830.536
5824.376	5830.723
5824.827	5831.056
5834.967	5841.796
5837.665	5844.622
5843.153	5846.173
5838.393	5846.185
5843.848	5847.741
5845.577	5848.363
5851.881	5858.116
5852.191	5858.166
5851.569	5858.289
5852.345	5859.612
5854.156	5860.437
5856.204	5861.162
5855.265	5862.197
5852.815	5862.246
5859.837	5862.865
5856.245	5864.066
5858.152	5866.512
5863.694	5866.559
5867.213	5872.985
5868.286	5874.084
5872.281	5874.589
5872.828	5874.661
5864.726	5875.166
5874.748	5881.426
5880.395	5884.599
5878.188	5886.221
5883.676	5887.414
5876.434	5887.899
5882.590	5889.894
5888.642	5891.545
5897.287	5903.998
5899.626	5906.997
5902.510	5908.237
5906.184	5909.069
5907.286	5911.989
5909.849	5913.295
5911.623	5914.403
5913.516	5915.819
5914.948	5917.808
5917.143	5920.884
5917.846	5922.610
5918.634	5925.136
5919.272	5925.463
5921.851	5927.000
5922.656	5929.081
5926.990	5930.050
5933.724	5940.478
5937.798	5942.785
5938.935	5944.113
5948.308	5955.045
5949.590	5956.201
5952.174	5956.232
5947.102	5956.743
5956.764	5957.185
5955.262	5959.440
5961.178	5971.003
5966.667	5973.553
5967.639	5975.747
5973.240	5976.092
5968.366	5976.902
5969.814	5977.839
5976.406	5979.580
5976.958	5981.519
5978.364	5982.790
5984.997	5993.271
5994.187	6005.279
6001.163	6006.884
5996.835	6007.494
6007.113	6011.361
6006.395	6012.325
6007.308	6013.319
6010.008	6015.200
6011.396	6016.065
6014.940	6018.769
6015.933	6019.320
6017.559	6020.382
6022.558	6029.678
6022.279	6029.872
6024.531	6030.061
6026.710	6032.805
6024.055	6032.953
6030.480	6038.098
6042.930	6049.283
6046.930	6050.628
6047.376	6057.281
6049.017	6057.857
6057.598	6060.255
6051.249	6061.203
6054.151	6063.803
6067.951	6073.200
6076.096	6082.479
6077.257	6084.960
6076.765	6085.796
6087.779	6094.926
6087.279	6095.755
6097.634	6105.189
6101.319	6107.116
6102.479	6107.516
6097.998	6108.397
6106.990	6110.341
6100.511	6111.487
6100.908	6111.707
6111.542	6114.099
6110.451	6114.610
6111.963	6115.962
6113.232	6116.388
6113.779	6117.494
6116.507	6119.179
6114.544	6119.755
6118.424	6122.204
6126.004	6132.020
6125.735	6133.960
6128.179	6134.320
6130.996	6136.813
6130.556	6137.133
6132.697	6137.909
6132.273	6138.512
6140.516	6146.852
6140.324	6147.475
6142.358	6148.416
6144.509	6148.975
6139.100	6149.315
6150.744	6159.798
6154.372	6161.715
6155.032	6165.729
6161.860	6171.111
6165.287	6172.598
6170.305	6172.599
6165.411	6172.747
6161.874	6174.604
6170.905	6181.318
6180.262	6183.727
6175.465	6184.221
6184.479	6191.121
6184.813	6191.777
6186.590	6193.085
6186.273	6193.644
6190.213	6195.194
6204.859	6211.276
6209.988	6213.263
6213.131	6214.056
6213.571	6215.019
6206.973	6215.028
6214.897	6222.209
6220.091	6226.295
6221.605	6227.039
6225.192	6227.819
6216.123	6228.730
6222.917	6229.317
6226.044	6229.484
6226.880	6230.407
6225.851	6231.982
6226.820	6232.079
6231.787	6233.292
6230.043	6234.633
6234.526	6238.098
6236.923	6242.284
6241.904	6244.155
6237.082	6247.724
6246.786	6250.301
6246.808	6252.094
6248.415	6258.109
6252.816	6259.865
6259.963	6260.734
6254.350	6263.542
6263.358	6266.786
6266.445	6271.595
6273.194	6281.875
6277.506	6282.773
6280.157	6283.627
6281.889	6285.107
6280.019	6286.991
6285.223	6288.023
6287.339	6290.219
6289.850	6292.883
6291.078	6294.535
6296.336	6302.963
6300.056	6304.004
6297.140	6305.166
6302.156	6305.600
6302.211	6308.217
6301.696	6308.689
6305.484	6309.754
6303.580	6309.779
6302.608	6311.161
6305.683	6312.509
6310.230	6313.816
6305.407	6313.846
6323.052	6330.212
6321.441	6331.011
6327.502	6331.469
6330.004	6333.111
6327.793	6333.677
6324.865	6334.165
6333.207	6336.306
6341.456	6346.963
6344.400	6347.913
6346.649	6351.792
6348.158	6353.212
6357.213	6363.657
6355.096	6364.642
6359.068	6364.665
6362.849	6366.018
6364.694	6367.946
6364.495	6368.718
6367.254	6371.237
6374.922	6381.301
6374.603	6381.344
6372.997	6382.295
6374.314	6384.545
6382.024	6387.708
6381.688	6387.883
6385.058	6391.594
6385.320	6391.933
6387.372	6394.237
6394.290	6397.752
6395.053	6399.321
6396.103	6402.091
6401.237	6404.347
6398.803	6405.944
6403.586	6406.596
6405.008	6406.683
6405.127	6408.957
6407.711	6410.760
6408.637	6412.432
6411.405	6414.617
6413.051	6415.826
6413.945	6420.333
6429.573	6438.943
6430.682	6439.629
6440.802	6449.711
6444.840	6452.253
6446.280	6455.854
6449.779	6457.112
6442.658	6457.994
6454.030	6458.279
6454.606	6459.720
6451.516	6460.835
6445.735	6461.164
6456.644	6461.523
6459.716	6463.437
6463.790	6471.317
6468.454	6473.425
6466.928	6475.606
6471.757	6476.509
6474.353	6479.707
6476.207	6481.666
6479.050	6481.704
6480.095	6482.440
6480.738	6484.974
6480.281	6486.381
6491.029	6497.033
6497.406	6504.175
6502.420	6506.934
6503.277	6511.039
6508.492	6519.445
6512.945	6519.681
6515.171	6523.037
6516.526	6523.376
6516.203	6523.389
6533.993	6541.135
6553.149	6560.027
6558.586	6563.633
6560.272	6565.369
6564.010	6570.590
6573.136	6579.298
6570.905	6580.498
6573.518	6581.954
6584.207	6592.217
6586.411	6592.301
6590.606	6599.892
6593.389	6601.770
6595.386	6602.423
6596.269	6603.826
6595.352	6604.097
6593.581	6605.345
6605.578	6612.555
6611.660	6616.900
6614.963	6618.214
6611.320	6618.241
6608.937	6619.169
6617.620	6622.086
6620.519	6624.806
6623.850	6627.878
6631.363	6637.821
6635.755	6639.195
6637.911	6640.290
6633.057	6642.813
6640.451	6647.068
6643.701	6650.089
6644.937	6650.840
6644.813	6652.490
6644.296	6653.653
6644.459	6653.746
6647.251	6654.593
6652.678	6656.571
6653.183	6656.732
6653.648	6657.072
6648.291	6657.351
6659.382	6665.902
6659.651	6666.375
6660.894	6668.104
6666.604	6668.294
6664.241	6668.304
6667.904	6670.838
6670.367	6672.524
6667.491	6672.538
6671.182	6674.778
6676.721	6684.838
6677.600	6686.818
6685.327	6689.872
6688.087	6691.582
6685.390	6693.111
6689.035	6694.839
6692.513	6695.945
6690.874	6696.660
6697.244	6705.821
6697.830	6706.723
6704.994	6710.750
6702.002	6711.612
6711.555	6713.900
6702.101	6714.058
6709.952	6716.362
6716.958	6722.992
6719.463	6724.122
6718.210	6724.493
6726.369	6733.620
6739.643	6748.543
6744.836	6750.844
6744.091	6753.076
6752.989	6756.013
6754.289	6758.937
6761.878	6770.072
6760.067	6770.409
6762.729	6770.442
6761.177	6771.609
6766.084	6771.884
6777.199	6784.445
6782.924	6785.257
6779.626	6785.475
6779.302	6787.049
6789.462	6795.587
6793.808	6798.603
6794.882	6800.297
6793.813	6801.257
6799.164	6806.060
6802.616	6807.190
6818.450	6826.946
6824.978	6829.344
6829.551	6840.031
6834.363	6841.231
6832.893	6841.476
6838.539	6841.514
6834.261	6841.774
6840.284	6849.407
6846.409	6851.780
6846.006	6853.932
6851.969	6854.743
6854.932	6861.291
6861.140	6862.226
6864.592	6871.369
6866.229	6871.683
6868.302	6873.955
6868.598	6874.009
6869.392	6877.022
6871.836	6877.049
6876.608	6877.903
6872.395	6878.007
6873.664	6882.439
6879.189	6884.364
6885.596	6894.725
6887.218	6894.728
6889.523	6898.530
6891.089	6898.722
6895.106	6899.875
6897.913	6901.012
6906.218	6911.997
6908.031	6913.193
6906.654	6914.958
6907.043	6916.283
6913.675	6916.693
6915.223	6917.533
6914.318	6917.829
6910.768	6918.250
6917.809	6919.485
6918.686	6921.511
6924.069	6930.285
6923.747	6930.651
6928.904	6933.529
6928.429	6934.681
6932.482	6937.499
6936.836	6940.265
6945.042	6951.858
6951.680	6952.936
6951.751	6953.905
6954.842	6960.593
6961.735	6970.854
6965.938	6973.110
6967.668	6974.741
6971.632	6976.202
6972.587	6976.868
6977.230	6986.146
6978.719	6987.572
6988.826	6996.187
6988.906	6996.620
6995.953	6997.994
6991.801	6999.950
6991.404	7000.864
7006.020	7013.291
7007.955	7017.067
7014.054	7020.651
7013.214	7021.136
7013.972	7022.925
7018.699	7023.453
7020.460	7023.859
7020.209	7025.445
7023.651	7026.573
7030.262	7037.641
7033.208	7040.026
7030.512	7041.370
7034.770	7041.373
7037.000	7042.652
7034.902	7043.223
7035.949	7043.780
7041.973	7044.674
7034.553	7046.627
7039.203	7047.279
7034.429	7047.404
7047.402	7049.893
7053.480	7060.897
7052.944	7062.197
7056.302	7062.496
7062.282	7063.698
7063.104	7066.044
7065.743	7068.155
7078.446	7088.828
7081.321	7091.665
7084.775	7092.716
7085.839	7094.714
7099.825	7108.320
7104.912	7109.099
7107.052	7111.146
7107.066	7112.135
7106.026	7113.248
7108.940	7118.181
7114.846	7120.226
7119.236	7123.420
7120.985	7126.521
7120.483	7126.605
7122.491	7127.140
7119.692	7127.708
7121.844	7128.387
7123.006	7131.818
7125.308	7131.969
7132.326	7139.930
7137.835	7144.387
7141.696	7147.827
7140.610	7148.444
7148.524	7151.653
7149.201	7153.969
7150.009	7157.659
7149.313	7157.952
7157.915	7159.091
7158.979	7159.961
7154.469	7162.223
7159.688	7165.891
7162.585	7170.066
7169.147	7170.709
7164.632	7176.062
7170.834	7177.138
7172.042	7177.556
7171.083	7177.832
7174.160	7179.363
7171.292	7180.135
7177.744	7182.709
7180.065	7183.127
7180.093	7185.022
7190.577	7198.148
7188.826	7199.011
7193.408	7200.608
7192.798	7200.875
7197.558	7201.586
7194.893	7203.780
7194.205	7206.161
7204.396	7211.548
7205.272	7211.750
7207.469	7212.979
7206.501	7213.913
7207.553	7214.269
7207.583	7214.942
7211.922	7215.332
7222.889	7229.816
7222.765	7230.829
7225.874	7232.042
7224.837	7232.120
7223.118	7232.262
7226.683	7233.599
7232.507	7235.040
7233.120	7236.719
7233.738	7238.793
7240.495	7247.445
7246.594	7250.351
7243.284	7251.143
7249.747	7252.591
7249.822	7255.576
7260.802	7267.646
7261.539	7268.724
7260.719	7269.448
7263.382	7270.516
7268.575	7270.867
7278.022	7283.962
7277.129	7284.060
7277.600	7284.354
7277.554	7286.907
7277.103	7287.338
7285.276	7288.446
7285.023	7288.848
7288.109	7290.654
7288.132	7291.676
7287.490	7293.912
7289.925	7294.143
7289.069	7294.293
7292.161	7295.366
7300.232	7306.013
7298.075	7307.064
7302.409	7308.149
7303.344	7308.938
7303.911	7311.141
7307.206	7312.787
7305.775	7312.866
7314.576	7320.620
7316.523	7321.771
7314.502	7321.974
7313.834	7322.487
7314.727	7322.830
7317.968	7323.124
7315.817	7324.118
7324.032	7327.922
7327.754	7332.509
7330.325	7335.623
7335.420	7337.737
7341.456	7349.514
7341.648	7349.528
7349.215	7352.357
7346.899	7353.523
7348.310	7353.865
7345.388	7354.012
7344.986	7354.163
7349.345	7354.701
7353.463	7355.885
7349.962	7359.385
7362.475	7368.477
7369.341	7376.150
7369.407	7376.429
7371.816	7377.898
7374.523	7379.623
7372.420	7382.793
7376.702	7383.361
7379.342	7384.066
7377.208	7384.335
7377.471	7385.246
7384.751	7385.760
7379.496	7386.395
7391.066	7399.843
7395.677	7401.140
7400.890	7402.617
7391.023	7403.516
7403.533	7404.841
7401.005	7406.648
7405.373	7408.516
7405.924	7409.945
7410.804	7417.533
7413.191	7420.241
7417.972	7423.138
7425.786	7431.595
7435.794	7443.244
7438.898	7446.409
7444.791	7448.900
7446.156	7451.179
7444.978	7451.959
7451.357	7452.037
7447.996	7452.941
7450.048	7454.517
7456.209	7462.012
7458.703	7464.010
7464.060	7470.343
7465.732	7471.624
7473.856	7482.589
7475.113	7483.525
7491.761	7496.959
7489.374	7498.277
7493.114	7499.430
7499.522	7500.662
7496.204	7501.227
7495.883	7503.235
7502.139	7507.995
7506.812	7512.308
7508.591	7513.474
7507.037	7518.833
7511.292	7518.890
7515.401	7520.470
7511.112	7521.437
7521.991	7530.231
7528.926	7532.027
7524.799	7533.275
7537.184	7543.478
7540.965	7545.418
7538.916	7548.649
7547.225	7551.752
7550.452	7554.791
7553.921	7556.711
7551.377	7561.326
7558.088	7561.612
7563.796	7570.200
7564.319	7570.820
7567.642	7570.922
7563.399	7571.665
7571.238	7576.331
7574.974	7583.410
7576.894	7587.601
7587.504	7588.009
7578.277	7588.062
7588.344	7594.938
7589.381	7597.235
7592.438	7597.245
7589.310	7597.433
7589.634	7597.710
7595.543	7599.205
7596.249	7601.403
7600.099	7607.053
7600.633	7609.899
7601.962	7610.157
7609.147	7611.961
7604.855	7614.028
7610.870	7615.796
7615.590	7621.129
7617.415	7625.284
7620.530	7625.507
7625.653	7632.946
7630.378	7634.290
7628.016	7636.094
7638.196	7645.204
7641.624	7645.568
7638.098	7645.620
7638.251	7646.458
7639.421	7646.901
7638.356	7647.097
7644.373	7648.317
7647.641	7651.714
7647.690	7655.748
7653.606	7658.605
7654.381	7660.969
7664.164	7670.028
7665.377	7673.297
7670.699	7674.153
7674.263	7680.924
7674.329	7682.085
7676.379	7682.773
7677.809	7684.261
7692.901	7699.999
7697.106	7701.220
7692.147	7701.503
7694.897	7701.582
7694.337	7702.632
7699.871	7702.869
7700.378	7703.882
7694.884	7704.455
7705.570	7711.577
7706.288	7715.486
7714.203	7717.063
7717.400	7724.718
7727.541	7734.678
7729.187	7738.889
7734.395	7739.965
7737.050	7739.975
7740.636	7748.468
7744.193	7749.437
7742.146	7749.558
7746.273	7749.735
7745.099	7753.915
7753.695	7760.889
7753.928	7763.468
7759.027	7764.652
7763.493	7766.991
7762.988	7767.226
7765.102	7767.683
7770.255	7777.257
7774.312	7777.687
7772.286	7778.789
7776.314	7780.423
7776.853	7781.977
7790.222	7799.029
7796.344	7800.993
7794.164	7801.326
7799.858	7802.973
7795.125	7803.698
7805.690	7812.404
7807.981	7814.576
7808.944	7815.284
7810.214	7819.669
7812.462	7821.364
7818.675	7824.603
7822.153	7825.955
7822.883	7827.423
7822.941	7829.064
7826.002	7830.638
7826.875	7831.620
7832.854	7841.001
7833.354	7843.052
7849.350	7856.072
7853.960	7859.132
7854.836	7861.239
7854.791	7861.507
7859.747	7862.457
7860.082	7862.656
7860.553	7863.739
7861.939	7863.782
7862.765	7865.672
7862.480	7866.749
7865.041	7867.321
7868.080	7875.868
7872.476	7876.978
7872.797	7878.581
7872.646	7879.172
7874.623	7879.307
7878.491	7884.789
7879.157	7885.344
7881.743	7887.210
7882.077	7887.876
7888.618	7897.469
7894.526	7899.631
7904.050	7909.828
7903.804	7909.938
7902.396	7911.337
7908.911	7913.797
7910.574	7914.343
7913.396	7916.514
7911.803	7916.680
7916.925	7924.034
7922.281	7927.224
7923.789	7929.736
7923.166	7930.739
7923.634	7931.206
7920.645	7934.126
7933.148	7942.134
7942.919	7949.756
7945.687	7951.177
7943.118	7952.133
7958.473	7964.787
7956.022	7965.708
7969.004	7975.354
7968.555	7975.506
7972.634	7978.104
7977.893	7980.708
7978.894	7984.730
7978.241	7985.938
7987.269	7994.735
7988.027	7995.563
7990.766	7998.700
7997.702	8001.098
8001.252	8008.761
8006.504	8012.203
8005.489	8012.440
8012.341	8015.601
8011.916	8015.662
8013.801	8016.117
8015.720	8018.408
8019.520	8026.171
8019.296	8026.398
8021.315	8027.679
8019.197	8029.202
8020.831	8030.086
8029.859	8030.500
8028.184	8030.932
8032.402	8039.829
8039.591	8041.363
8033.988	8045.220
8047.014	8054.783
8053.603	8056.846
8053.844	8058.696
8056.541	8059.926
8060.828	8071.635
8067.958	8074.346
8070.279	8076.641
8072.092	8077.490
8072.669	8078.716
8072.646	8079.825
8077.312	8080.071
8072.739	8080.768
8073.672	8080.783
8078.782	8083.053
8081.012	8086.752
8081.917	8089.901
8092.268	8097.952
8100.373	8107.232
8099.497	8107.767
8103.514	8108.879
8102.077	8109.154
8108.009	8110.621
8104.304	8110.918
8109.081	8111.428
8101.759	8112.639
8112.389	8116.945
8112.466	8117.447
8115.971	8119.471
8118.869	8120.859
8119.849	8123.936
8124.061	8131.631
8129.766	8133.372
8136.514	8146.077
8141.554	8148.177
8144.066	8148.576
8139.902	8149.897
8148.168	8151.023
8149.252	8154.565
8155.391	8166.218
8159.805	8167.130
8163.192	8169.479
8167.257	8170.497
8167.407	8174.563
8172.198	8175.902
8173.889	8177.568
8177.202	8180.735
8180.208	8186.521
8181.782	8188.549
8185.584	8191.844
8191.155	8194.932
8206.041	8213.874
8205.990	8215.706
8213.081	8219.797
8217.343	8223.082
8219.931	8225.248
8224.035	8226.914
8226.857	8233.708
8226.739	8234.975
8225.258	8236.182
8234.391	8239.838
8239.096	8242.843
8241.172	8245.765
8243.881	8251.049
8248.843	8253.928
8249.362	8254.715
8251.775	8255.853
8255.444	8257.828
8257.942	8267.231
8268.686	8275.489
8269.532	8276.404
8272.782	8277.015
8277.096	8279.489
8278.512	8280.095
8286.562	8293.490
8289.066	8294.599
8288.532	8295.683
8288.080	8297.301
8290.493	8297.419
8302.891	8310.857
8309.931	8316.109
8316.499	8322.699
8319.608	8326.544
8324.545	8328.463
8327.200	8330.117
8321.607	8330.296
8336.043	8343.996
8337.469	8344.010
8342.623	8345.986
8338.890	8347.142
8347.276	8355.995
8351.117	8357.257
8354.482	8358.517
8351.614	8358.992
8355.377	8360.607
8357.161	8361.201
8357.524	8362.097
8357.135	8362.465
8356.292	8362.478
8360.708	8363.329
8365.571	8370.909
8365.248	8374.275
8373.948	8376.169
8375.739	8377.143
8380.098	8386.287
8380.457	8386.842
8380.219	8387.407
8385.271	8387.922
8385.561	8388.309
8385.670	8389.717
8388.732	8391.172
8388.860	8393.539
8390.391	8395.998
8395.215	8397.672
8395.561	8401.371
8400.844	8404.314
8407.728	8416.476
8420.995	8426.758
8418.274	8427.113
8425.916	8429.658
8428.850	8432.324
8426.411	8432.449
8434.800	8441.563
8440.533	8445.930
8441.071	8447.844
8446.112	8451.225
8449.615	8452.144
8447.562	8454.389
8454.174	8457.410
8457.327	8458.639
8458.454	8461.389
8463.990	8472.698
8471.620	8473.207
8476.533	8482.627
8476.489	8483.363
8479.280	8485.948
8476.343	8485.950
8485.396	8486.608
8479.540	8487.254
8485.536	8488.381
8478.981	8488.617
8487.518	8491.486
8486.479	8492.434
8495.222	8503.922
8503.600	8506.310
8509.740	8515.971
8507.986	8516.597
8510.096	8517.216
8520.301	8526.964
8519.578	8527.040
8523.229	8529.448
8527.536	8533.193
8529.572	8537.432
8535.764	8540.128
8543.751	8551.581
8548.584	8552.778
8545.053	8552.983
8550.478	8555.849
8553.665	8559.684
8548.868	8561.471
8554.583	8563.415
8555.918	8563.539
8559.989	8564.148
8560.666	8565.424
8567.967	8575.087
8568.401	8575.454
8571.844	8577.973
8572.591	8578.005
8569.121	8579.129
8579.096	8581.545
8577.826	8582.745
8582.644	8584.697
8579.485	8586.008
8584.238	8587.127
8587.032	8591.581
8587.371	8594.147
8590.595	8594.975
8591.229	8595.447
8588.527	8595.825
8587.527	8596.730
8591.896	8598.153
8597.064	8598.560
8597.856	8601.696
8599.074	8603.042
8604.932	8611.736
8622.549	8629.458
8626.776	8633.104
8627.209	8634.730
8631.613	8635.274
8631.343	8641.081
8637.128	8643.555
8636.205	8643.803
8637.835	8643.914
8639.860	8645.369
8639.422	8646.287
8643.000	8647.239
8647.950	8655.509
8651.086	8658.458
8655.648	8660.891
8657.060	8661.606
8656.151	8663.288
8662.250	8666.691
8663.379	8669.176
8667.305	8672.037
8669.696	8672.589
8670.158	8675.743
8670.873	8677.886
8678.209	8683.829
8684.843	8691.662
8687.478	8692.686
8687.432	8696.383
8687.527	8696.947
8695.459	8698.007
8700.039	8706.952
8703.458	8707.974
8704.317	8709.569
8711.155	8718.154
8711.372	8719.729
8718.030	8721.252
8719.351	8721.329
8714.700	8722.880
8724.137	8730.368
8724.738	8730.628
8734.098	8742.633
8741.817	8745.415
8743.000	8750.169
8748.669	8751.082
8744.143	8751.646
8749.870	8752.716
8752.407	8753.360
8755.763	8765.498
8764.063	8769.663
8768.070	8772.608
8768.992	8774.677
8770.460	8775.600
8770.237	8776.673
8775.121	8778.891
8780.442	8787.554
8781.163	8789.515
8784.202	8790.281
8785.236	8792.288
8787.817	8793.541
8782.988	8793.878
8785.151	8794.453
8796.404	8804.793
8800.949	8806.141
8805.186	8808.775
8796.940	8809.291
8807.376	8811.730
8812.760	8819.204
8814.333	8819.765
8817.106	8822.141
8820.308	8823.123
8817.307	8823.403
8817.781	8823.544
8827.420	8835.257
8825.584	8835.794
8835.168	8837.652
8837.113	8841.187
8838.621	8842.847
8842.995	8849.101
8850.234	8860.049
8856.842	8862.875
8860.611	8866.433
8859.920	8867.588
8861.667	8867.962
8864.101	8869.206
8865.116	8870.290
8863.996	8872.007
8869.547	8873.089
8870.373	8873.881
8873.358	8875.837
8874.393	8877.906
8874.802	8881.806
8877.998	8884.057
8879.061	8884.864
8877.068	8885.064
8875.961	8885.287
8886.227	8895.269
8888.671	8895.813
8890.635	8896.815
8891.512	8897.947
8897.078	8899.958
8892.489	8900.337
8898.239	8902.873
8898.700	8903.772
8900.100	8907.398
8903.297	8907.846
8911.370	8918.031
8916.483	8919.449
8918.435	8921.203
8918.962	8922.462
8925.284	8931.395
8925.168	8932.537
8927.781	8933.417
8937.950	8947.032
8943.729	8948.305
8941.153	8948.473
8944.058	8949.079
8939.039	8950.161
8942.195	8950.627
8950.653	8951.819
8950.258	8952.780
8946.805	8953.153
8951.473	8954.680
8950.683	8956.153
8954.352	8956.547
8952.723	8957.804
8957.912	8965.785
8960.011	8967.220
8961.836	8968.538
8960.161	8968.746
8967.081	8969.617
8960.106	8969.868
8962.363	8969.874
8970.996	8980.633
8975.654	8981.686
8979.067	8983.386
8978.395	8983.780
8983.555	8984.735
8984.530	8990.082
8986.573	8992.174
8985.045	8993.299
8985.159	8998.654
8995.432	9002.255
9001.807	9006.135
9003.173	9007.279
8998.725	9007.622
9004.810	9010.635
9011.678	9017.932
9031.216	9038.530
9032.375	9040.028
9034.908	9040.254
9037.463	9042.141
9039.509	9042.711
9036.815	9043.689
9039.776	9048.702
9044.320	9050.058
9045.801	9050.269
9048.836	9052.387
9053.933	9060.635
9053.166	9063.468
9062.363	9065.140
9074.759	9080.839
9076.656	9083.811
9079.786	9084.681
9083.731	9086.126
9076.871	9086.863
9088.031	9095.475
9088.977	9095.972
9083.028	9096.005
9090.092	9096.245
9092.849	9096.658
9089.838	9099.026
9096.879	9104.026
9100.266	9107.212
9101.307	9107.671
9102.473	9107.767
9104.656	9109.479
9102.315	9109.882
9103.025	9110.642
9106.112	9110.802
9104.533	9110.806
9103.864	9111.184
9108.140	9112.455
9108.148	9112.989
9110.317	9114.332
9109.521	9114.861
9106.140	9116.316
9113.726	9116.475
9113.942	9118.925
9109.812	9122.442
9121.533	9124.436
9118.274	9124.793
9124.458	9125.687
9126.620	9136.862
9130.991	9137.042
9132.543	9138.728
9130.280	9139.010
9134.078	9139.698
9132.531	9139.790
9132.480	9140.470
9136.820	9141.243
9146.438	9154.352
9151.654	9157.327
9151.811	9157.532
9158.935	9164.490
9160.375	9168.094
9162.399	9168.739
9161.904	9169.444
9162.673	9170.498
9164.392	9170.907
9166.638	9173.105
9172.100	9174.359
9175.221	9183.280
9178.418	9187.741
9184.142	9190.214
9185.130	9191.220
9175.830	9191.258
9185.982	9192.886
9183.330	9193.406
9196.668	9204.909
9199.527	9206.153
9204.497	9207.035
9196.213	9207.545
9200.810	9207.809
9207.185	9209.756
9206.479	9210.725
9212.796	9220.946
9215.765	9222.443
9217.403	9222.873
9214.996	9224.049
9216.292	9224.260
9215.060	9224.961
9217.911	9225.279
9224.953	9225.828
9223.551	9226.653
9225.804	9227.530
9220.872	9227.776
9230.031	9236.660
9234.205	9239.106
9228.685	9239.906
9239.904	9242.852
9243.537	9251.077
9251.534	9258.534
9252.558	9259.535
9259.487	9261.387
9258.000	9263.480
9265.063	9272.451
9267.808	9274.280
9269.712	9276.371
9268.773	9277.255
9275.269	9278.708
9277.629	9279.936
9277.156	9282.673
9280.108	9283.694
9280.544	9284.406
9281.586	9287.619
9280.725	9289.464
9285.848	9289.502
9286.515	9295.396
9292.204	9296.735
9293.509	9298.708
9292.322	9299.627
9293.496	9300.706
9296.836	9303.783
9299.564	9305.697
9303.948	9308.227
9308.779	9314.799
9318.468	9324.527
9317.163	9325.067
9315.589	9325.956
9323.664	9328.074
9325.283	9329.333
9321.148	9329.560
9323.049	9330.200
9326.703	9332.316
9332.981	9339.467
9333.222	9340.119
9336.929	9346.285
9340.427	9348.667
9347.435	9349.203
9349.836	9357.965
9353.703	9360.317
9353.327	9361.630
9359.613	9362.665
9359.765	9363.344
9362.441	9365.631
9362.783	9367.203
9363.527	9367.734
9366.851	9370.558
9368.233	9374.343
9371.544	9378.557
9373.759	9379.888
9372.542	9380.585
9372.254	9381.039
9375.773	9381.531
9380.515	9384.450
9386.265	9392.660
9387.624	9395.475
9395.792	9403.885
9400.742	9405.092
9398.159	9406.416
9398.741	9408.351
9403.997	9409.978
9408.474	9411.398
9408.110	9413.070
9418.744	9426.351
9421.084	9427.500
9421.070	9428.667
9422.045	9429.179
9428.372	9431.006
9427.144	9431.342
9427.304	9436.321
9431.614	9438.292
9438.162	9439.116
9435.619	9439.864
9432.003	9439.873
9439.056	9442.165
9444.636	9450.689
9448.767	9452.960
9443.806	9453.187
9444.022	9454.010
9452.096	9454.157
9451.399	9455.866
9453.521	9458.020
9459.642	9466.389
9459.452	9467.057
9458.909	9467.657
9465.544	9468.138
9466.345	9469.440
9466.945	9470.172
9461.614	9471.171
9462.266	9472.987
9469.663	9473.145
9478.832	9484.653
9481.103	9496.010
9490.783	9499.417
9504.436	9510.877
9508.414	9511.679
9510.853	9516.288
9514.564	9519.564
9512.183	9520.018
9512.418	9520.778
9515.129	9521.040
9519.144	9521.874
9517.520	9522.337
9521.469	9523.795
9523.918	9529.746
9526.264	9533.790
9533.763	9537.016
9536.070	9542.098
9536.427	9543.160
9542.592	9547.572
9546.458	9549.426
9547.768	9551.161
9549.443	9554.692
9551.804	9557.515
9556.389	9558.920
9553.224	9562.229
9574.305	9581.456
9574.458	9581.661
9581.588	9585.375
9594.758	9600.913
9600.437	9602.283
9602.215	9604.100
9605.325	9612.102
9607.121	9613.311
9609.582	9614.288
9608.941	9615.305
9613.049	9615.721
9608.456	9615.758
9611.435	9616.980
9615.732	9617.316
9616.682	9618.008
9612.383	9619.860
9621.783	9629.395
9624.361	9630.883
9625.049	9631.556
9630.232	9632.086
9622.047	9632.282
9622.782	9633.075
9633.002	9634.715
9632.168	9635.292
9632.350	9635.325
9636.429	9643.579
9638.501	9644.156
9639.214	9645.109
9643.271	9646.841
9639.178	9646.882
9644.396	9647.176
9645.513	9647.617
9647.525	9648.852
9645.195	9648.877
9637.485	9654.550
9651.360	9655.491
9659.757	9666.575
9667.514	9676.206
9669.472	9676.285
9667.465	9677.210
9675.235	9677.717
9671.369	9679.808
9673.646	9681.751
9682.735	9689.927
9685.310	9693.254
9686.946	9695.292
9698.455	9705.186
9696.347	9705.369
9698.431	9705.886
9701.273	9707.786
9710.858	9717.190
9713.883	9722.100
9714.520	9722.364
9719.725	9723.042
9719.829	9723.765
9725.608	9732.983
9725.194	9733.149
9731.427	9734.911
9730.865	9735.861
9734.710	9736.704
9731.879	9736.764
9732.707	9738.053
9738.078	9740.565
9740.130	9746.042
9740.340	9747.014
9748.738	9755.130
9755.363	9761.264
9755.253	9763.879
9753.948	9765.387
9756.867	9771.180
9766.293	9773.941
9775.612	9782.276
9776.239	9783.510
9775.083	9786.311
9786.996	9794.231
9788.177	9794.411
9791.580	9797.796
9799.135	9807.602
9804.128	9808.997
9808.789	9810.991
9811.499	9818.726
9816.210	9825.014
9816.977	9828.170
9823.676	9828.214
9824.360	9829.496
9828.931	9831.151
9824.736	9831.701
9842.523	9850.568
9846.588	9853.039
9849.643	9855.767
9854.575	9860.155
9849.377	9860.850
9851.790	9861.246
9852.352	9862.119
9858.757	9862.736
9856.082	9863.414
9856.513	9865.813
9863.236	9869.883
9866.820	9872.438
9867.252	9873.050
9875.121	9881.792
9882.801	9894.824
9884.070	9899.602
9897.012	9902.835
9895.552	9902.838
9894.948	9903.220
9902.265	9904.725
9903.955	9905.580
9902.522	9906.782
9903.983	9907.836
9904.662	9909.329
9905.920	9912.564
9911.051	9914.219
9913.856	9920.245
9914.140	9920.753
9918.689	9923.331
9922.755	9924.568
9923.801	9926.706
9924.345	9932.716
9928.138	9937.682
9936.063	9938.580
9936.770	9941.429
9939.069	9942.451
9937.914	9945.522
9948.812	9954.646
9949.015	9955.696
9949.589	9956.573
9948.962	9957.617
9951.363	9958.153
9961.013	9968.801
9965.685	9969.389
9961.120	9970.242
9967.814	9971.629
9974.126	9983.959
9983.616	9985.939
9987.232	9995.155
9988.054	9995.771
9994.980	9999.555
9994.946	10000.614
10007.604	10013.832
10009.128	10014.465
10010.027	10016.029
10016.157	10024.534
10019.521	10025.074
10018.129	10026.944
10020.562	10027.152
10022.929	10027.467
10027.526	10027.727
10026.650	10029.973
10025.014	10030.334
10028.012	10031.531
10022.114	10032.821
10032.353	10035.629
10027.543	10035.701
10035.876	10045.374
10043.229	10046.018
10043.690	10051.289
10051.149	10053.225
10058.616	10064.201
10057.385	10067.842
10067.445	10068.499
10079.227	10087.284
10086.891	10090.949
10084.566	10090.957
10093.630	10101.280
10092.744	10102.107
10094.057	10102.331
10093.223	10103.153
10097.447	10109.182
10106.654	10111.185
10107.272	10113.131
10107.692	10114.628
10113.882	10117.911
10120.285	10128.650
10122.225	10129.028
10121.314	10129.051
10119.896	10129.522
10122.246	10130.344
10120.382	10130.875
10122.695	10131.612
10129.774	10131.709
10127.845	10131.781
10128.034	10133.644
10133.376	10140.061
10138.011	10144.507
10140.007	10144.660
10138.421	10145.183
10143.968	10146.575
10136.953	10146.924
10141.282	10147.644
10145.810	10147.878
10142.980	10150.323
10156.302	10164.834
10157.049	10165.025
10156.280	10166.008
10162.452	10167.446
10164.429	10170.158
10168.807	10172.761
10169.042	10177.913
10182.179	10188.716
10182.172	10189.110
10186.587	10191.891
10187.392	10192.227
10190.945	10199.135
10195.612	10199.572
10199.401	10203.731
10208.249	10216.008
10208.968	10218.097
10214.429	10218.401
10217.755	10219.816
10218.458	10220.855
10217.177	10221.107
10218.730	10221.633
10227.744	10234.706
10226.527	10235.055
10225.381	10235.258
10228.116	10235.275
10232.759	10237.882
10235.735	10239.047
10235.080	10240.205
10240.266	10246.392
10242.462	10247.920
10246.958	10249.630
10252.067	10258.437
10250.454	10259.432
10253.326	10261.141
10259.706	10263.283
10260.583	10266.020
10260.277	10266.455
10266.175	10268.252
10269.497	10278.461
10276.928	10280.548
10279.623	10281.979
10300.253	10307.051
10302.054	10309.176
10305.186	10309.889
10301.866	10309.897
10306.015	10309.955
10307.437	10311.797
10308.749	10314.589
10309.878	10314.814
10311.955	10315.663
10314.563	10316.171
10314.773	10317.670
10321.165	10329.200
10326.204	10330.172
10322.385	10333.630
10327.783	10333.843
10328.924	10334.905
10327.420	10335.466
10333.841	10335.607
10330.690	10336.315
10329.654	10339.660
10337.084	10342.669
10337.691	10344.562
10343.917	10346.474
10341.182	10347.147
10344.423	10348.307
10347.069	10349.129
10346.902	10350.086
10350.157	10351.014
10351.039	10352.208
10353.583	10359.907
10361.514	10369.491
10367.349	10371.991
10369.760	10373.939
10370.573	10375.338
10365.015	10377.397
10372.540	10377.615
10374.480	10379.022
10372.379	10380.188
10384.331	10390.849
10390.223	10393.112
10386.329	10394.376
10399.663	10405.608
10396.881	10407.018
10399.265	10407.879
10412.855	10419.601
10414.887	10420.268
10416.667	10421.997
10416.483	10426.230
10425.699	10427.452
10420.338	10428.020
10427.869	10429.840
10428.454	10431.386
10432.555	10440.574
10434.553	10440.730
10431.955	10441.250
10433.773	10443.361
10439.688	10443.662
10436.691	10444.927
10442.539	10445.147
10442.023	10445.663
10444.012	10446.624
10443.303	10447.780
10446.052	10448.004
10455.525	10462.738
10458.571	10463.199
10464.447	10470.182
10464.518	10471.410
10464.177	10471.891
10468.666	10473.334
10466.766	10474.958
10467.511	10476.322
10472.418	10477.309
10472.699	10480.771
10478.720	10483.943
10480.240	10486.508
10482.814	10487.000
10483.122	10488.485
10482.938	10490.908
10486.318	10492.042
10486.428	10492.106
10489.321	10493.137
10491.407	10494.003
10490.387	10494.364
10500.300	10509.495
10505.982	10511.461
10509.780	10513.963
10508.418	10514.010
10507.029	10517.009
10509.415	10518.390
10518.541	10524.956
10521.547	10528.272
10525.128	10529.972
10527.373	10533.134
10526.705	10533.534
10530.220	10535.264
10531.025	10538.444
10538.017	10541.743
10546.302	10553.243
10556.824	10563.906
10557.827	10564.576
10556.133	10564.886
10563.494	10568.139
10565.281	10571.656
10567.616	10574.482
10571.191	10574.932
10571.866	10575.791
10573.981	10580.432
10573.891	10581.073
10573.642	10581.901
10583.848	10589.474
10587.506	10590.513
10590.285	10592.340
10590.940	10595.258
10591.940	10598.339
10599.142	10606.906
10613.709	10623.467
10616.648	10626.099
10623.990	10626.875
10625.425	10628.433
10630.729	10638.949
10634.449	10643.005
10635.163	10644.362
10642.441	10646.989
10642.482	10647.667
10645.318	10648.604
10643.374	10650.435
10653.266	10659.328
10654.837	10660.811
10654.506	10662.027
10658.500	10665.607
10662.032	10668.261
10661.667	10668.863
10665.370	10669.351
10666.773	10669.713
10668.335	10671.569
10676.405	10682.542
10681.507	10686.275
10692.314	10698.886
10695.774	10700.760
10698.506	10704.021
10698.943	10704.495
10697.170	10705.072
10699.144	10705.145
10704.864	10706.176
10704.183	10706.546
10701.690	10707.025
10701.192	10707.839
10706.860	10712.410
10713.384	10722.323
10715.173	10722.800
10722.558	10726.768
10723.581	10728.623
10723.995	10731.520
10727.505	10731.853
10729.130	10735.131
10732.286	10735.863
10734.756	10738.921
10737.681	10741.900
10736.391	10744.684
10738.383	10746.181
10751.949	10758.963
10752.598	10760.274
10754.365	10761.229
10760.734	10767.573
10765.575	10774.002
10779.951	10788.290
10777.161	10788.663
10780.908	10788.824
10786.694	10788.957
10786.889	10789.848
10796.737	10804.062
10795.041	10804.628
10800.011	10806.458
10806.425	10808.017
10808.515	10817.573
10813.421	10823.234
10818.633	10825.843
10820.666	10826.235
10828.398	10834.578
10827.583	10836.812
10832.405	10838.298
10837.371	10840.103
10828.886	10840.255
10838.887	10842.343
10838.975	10842.473
10840.577	10844.785
10841.520	10845.936
10841.307	10846.225
10844.670	10847.448
10842.036	10847.613
10846.033	10849.733
10850.585	10858.674
10853.940	10860.181
10851.295	10861.184
10854.833	10862.098
10861.067	10862.772
10860.122	10863.204
10856.250	10865.144
10855.787	10865.264
10864.239	10866.339
10867.572	10874.243
10869.880	10875.458
10872.980	10876.503
10876.253	10878.101
10876.545	10883.459
10880.777	10887.949
10882.864	10888.376
10887.678	10889.743
10888.014	10892.848
10888.183	10893.765
10892.203	10894.884
10891.154	10895.870
10905.243	10912.736
10904.198	10913.943
10908.162	10914.506
10910.500	10915.446
10906.957	10915.835
10911.183	10917.381
10921.320	10927.841
10920.406	10928.764
10928.519	10932.028
10940.491	10945.790
10941.670	10948.495
10946.520	10952.542
10953.102	10959.927
10952.998	10960.148
10964.581	10973.239
10963.198	10973.240
10965.764	10973.417
10971.014	10974.474
10970.935	10976.238
10970.411	10976.794
10980.865	10986.640
10983.818	10987.974
10986.222	10991.364
10987.780	10992.466
10980.916	10993.888
10992.779	10995.098
10997.620	11004.414
10997.691	11004.871
11000.441	11005.326
11006.028	11013.896
11007.436	11015.503
11010.256	11017.641
11007.816	11018.185
11011.686	11018.636
11010.303	11019.526
11016.869	11019.629
11014.353	11021.652
11013.662	11022.560
11021.893	11027.014
11023.718	11029.174
11026.551	11033.004
11026.575	11034.401
11025.951	11035.571
11029.223	11035.950
11032.074	11035.989
11032.377	11036.016
11034.098	11036.902
11028.399	11037.888
11036.173	11039.802
11040.548	11048.986
11040.701	11049.741
11046.987	11050.747
11047.465	11056.771
11054.620	11057.917
11059.392	11067.259
11065.706	11070.792
11073.125	11081.076
11074.655	11081.597
11073.372	11082.392
11077.220	11082.527
11081.454	11086.145
11078.369	11088.341
11087.290	11091.780
11087.940	11092.593
11089.032	11098.519
11096.034	11102.236
11094.888	11102.535
11096.277	11103.939
11100.203	11103.965
11101.194	11104.950
11103.696	11105.084
11103.890	11106.946
11106.269	11110.531
11111.074	11118.497
11112.754	11119.223
11114.047	11119.647
11118.242	11120.321
11120.369	11122.464
11122.210	11124.610
11122.758	11131.185
11131.049	11132.969
11131.050	11134.486
11126.003	11136.732
11132.103	11137.650
11135.116	11139.119
11135.581	11139.750
11141.579	11148.344
11141.167	11149.472
11142.378	11149.526
11144.125	11151.506
11151.292	11152.786
11144.549	11154.087
11153.309	11157.759
11154.720	11161.174
11157.415	11161.671
11161.346	11165.519
11163.591	11166.670
11166.561	11168.932
11169.830	11176.376
11172.406	11177.694
11171.467	11178.454
11177.250	11180.147
11175.894	11180.356
11172.788	11180.395
11186.010	11194.771
11192.944	11197.090
11186.926	11197.119
11191.287	11197.604
11194.840	11198.750
11197.662	11199.540
11193.426	11202.227
11200.859	11204.103
11202.079	11205.479
11202.811	11208.864
11203.296	11209.062
11209.117	11211.756
11205.862	11213.319
11215.726	11221.335
11217.648	11223.808
11218.796	11225.892
11223.376	11226.490
11226.256	11229.557
11230.137	11237.630
11229.947	11238.398
11236.518	11240.124
11235.090	11240.375
11239.909	11241.161
11239.909	11242.631
11239.692	11245.232
11240.219	11246.107
11239.996	11246.119
11240.480	11247.319
11246.124	11251.121
11248.395	11255.767
11248.576	11256.445
11269.438	11275.956
11267.829	11276.605
11272.711	11277.857
11275.813	11278.567
11277.068	11283.292
11282.059	11286.210
11293.310	11299.580
11294.560	11300.692
11296.130	11300.903
11291.804	11303.096
11301.222	11303.650
11303.214	11305.682
11303.520	11309.562
11303.550	11309.669
11306.641	11312.267
11307.100	11314.028
11311.259	11314.517
11313.875	11315.727
11314.552	11319.498
11314.754	11321.240
11318.418	11322.657
11317.919	11322.873
11329.711	11337.284
11332.903	11339.928
11337.561	11343.314
11331.771	11343.547
11343.380	11345.372
11340.309	11348.038
11347.824	11348.871
11350.169	11356.245
11349.673	11356.958
11349.544	11358.474
11366.577	11372.379
11363.714	11372.933
11368.204	11373.075
11366.508	11373.288
11367.035	11373.815
11367.357	11374.102
11371.238	11374.178
11378.726	11387.895
11383.124	11389.595
11381.149	11390.647
11390.417	11392.653
11390.818	11393.709
11401.070	11408.015
11397.360	11408.448
11400.301	11409.884
11405.241	11411.046
11405.791	11412.793
11408.352	11413.095
11410.113	11416.528
11410.437	11418.567
11418.345	11421.690
11418.967	11425.077
11423.161	11426.830
11420.267	11427.249
11424.060	11427.879
11425.365	11428.731
11426.716	11429.151
11424.345	11431.714
11431.415	11434.475
11433.665	11438.356
11440.963	11448.353
11441.392	11449.903
11446.404	11455.106
11458.562	11465.363
11471.249	11477.070
11470.232	11478.050
11475.677	11479.853
11471.551	11480.011
11477.334	11481.876
11480.253	11483.539
11480.547	11485.269
11491.488	11500.624
11490.051	11501.844
11501.112	11504.203
11502.128	11507.323
11501.134	11508.493
11503.938	11508.602
11505.925	11511.088
11505.254	11514.226
11519.413	11529.254
11517.144	11530.431
11527.301	11531.258
11529.392	11532.546
11536.734	11543.253
11533.800	11543.776
11540.581	11546.058
11537.157	11547.492
11544.514	11552.021
11548.120	11553.421
11550.051	11554.746
11550.193	11559.341
11555.258	11562.083
11565.467	11572.969
11565.342	11573.223
11565.145	11573.401
11572.603	11574.319
11570.898	11575.121
11567.082	11575.800
11577.475	11583.926
11583.536	11585.451
11586.123	11593.777
11588.860	11596.859
11591.810	11598.093
11593.786	11599.376
11593.135	11603.238
11600.676	11605.183
11601.535	11607.878
11606.540	11610.988
11608.626	11612.703
11612.468	11614.015
11616.892	11628.148
11623.026	11630.330
11629.366	11631.880
11628.232	11635.540
11634.503	11640.043
11640.313	11648.067
11643.248	11650.271
11643.880	11652.296
11655.895	11663.795
11660.478	11665.499
11662.895	11666.794
11661.864	11671.077
11670.789	11673.605
11667.710	11674.672
11672.130	11674.835
11678.911	11686.132
11692.061	11699.001
11695.304	11703.678
11700.392	11705.107
11702.986	11706.496
11704.026	11706.510
11708.604	11715.630
11712.046	11719.351
11718.127	11721.519
11719.349	11725.272
11730.716	11738.019
11727.325	11738.557
11734.683	11739.620
11739.963	11746.769
11741.698	11750.640
11746.918	11755.574
11753.251	11758.086
11763.358	11769.031
11765.972	11771.611
11767.571	11772.457
11766.154	11773.787
11768.004	11775.576
11766.943	11776.170
11771.894	11777.113
11769.363	11779.092
11784.958	11792.344
11785.203	11795.763
11794.212	11796.845
11796.475	11797.772
11801.088	11810.717
11807.363	11813.369
11806.116	11813.922
11810.829	11816.282
11814.722	11818.660
11815.862	11819.149
11823.249	11829.769
11829.354	11832.173
11829.386	11836.468
11834.894	11836.704
11836.292	11839.844
11845.309	11851.036
11845.481	11852.826
11852.816	11854.332
11850.768	11854.379
11853.740	11856.776
11855.673	11861.194
11860.809	11869.655
11862.406	11871.434
11864.144	11873.166
11870.298	11877.943
11875.544	11878.752
11876.255	11880.935
11878.302	11883.564
11879.766	11884.631
11881.356	11885.442
11881.879	11886.940
11884.276	11887.571
11880.375	11887.802
11881.017	11890.546
11887.967	11891.740
11888.245	11893.852
11889.028	11893.941
11883.443	11895.140
11900.763	11907.001
11906.263	11908.128
11898.348	11908.756
11901.344	11909.719
11906.311	11911.759
11909.293	11912.135
11907.778	11912.417
11907.352	11912.489
11911.092	11913.478
11920.129	11925.640
11918.173	11926.089
11926.685	11933.590
11935.874	11942.148
11936.195	11942.871
11941.942	11944.186
11943.720	11945.102
11935.744	11947.328
11940.947	11951.462
11946.759	11952.207
11948.352	11953.448
11954.111	11960.451
11954.188	11961.419
11955.240	11962.919
11955.058	11962.949
11956.098	11963.216
11968.294	11974.498
11970.620	11975.040
11968.377	11976.337
11971.324	11977.902
11975.186	11978.343
11975.698	11981.942
11981.683	11985.934
11979.588	11991.050
11991.088	11993.525
11991.325	11995.854
